zone;sum
-9999;0.0
0;1490.295985
1;3459452.058594
2;10133144.5
3;37959109.558594
4;9484747.0
5;5735700.25
6;10530751.375
7;12828254.875
8;13000149.0
9;7134656.25
10;9376645.328125
11;9156715.5
12;11258165.023438
13;9529752.734375
14;13566594.8125
15;12071082.910156
16;11302075.75
17;9333015.125
18;18395200.0
19;12679942.0
20;8819544.0
21;18410470.0
22;14871054.0
23;8081686.5
24;20617896.0
25;10442134.90625
26;14949623.0
27;12962459.375
28;16444588.0
29;17944688.0
30;9006201.816406
31;10007755.0
32;9227655.0
33;10267706.25
34;7436948.71875
35;7988941.125
36;14503593.0
37;15925192.433594
38;67651803.0
39;16063373.25
40;15661012.78125
41;8925117.5
42;10009023.75
43;15379758.25
44;10882020.71875
45;48818089.25
46;10653632.0
47;36562376.625
48;10595879.589844
49;15262624.4375
50;17037642.0
51;10823380.0
52;13928337.875
53;24604124.0
54;11353161.0
55;7516307.65625
56;9470241.003906
57;9136992.0
58;9618963.0
59;18945123.125
60;25337118.5
61;11662045.28125
62;18120514.25
63;12403413.625
64;32931409.5
65;10433643.0
66;19211188.625
67;9177047.5
68;11782822.005859
69;12851140.3125
70;12671070.25
71;10687220.0
72;30685204.0
73;10324349.0
74;7591637.600586
75;9717954.0
76;9127671.0
77;15626070.75
78;18849063.0
79;10443218.5
80;13667013.75
81;9978589.5
82;11071435.670898002
83;8618961.0
84;9193036.0
85;7184064.5
86;15654983.0
87;9047192.75
88;8960585.0625
89;7860002.390625
90;10764842.25
91;18670210.5
92;10830943.5
93;9129312.5
94;10634684.0
95;19509251.34375
96;10925504.5625
97;13593980.582031
98;13535687.234375
99;9888690.5
100;11190808.71875
101;7963915.75
102;11960487.582031
103;21503905.8125
104;13068195.0
105;8197969.375
106;7535025.375
107;7171218.25
108;8300854.40625
109;18430580.0625
110;6907528.351562
111;9834469.042969
112;10754721.75
113;8978330.507812
114;16934863.875
115;7278423.5
116;19466329.0
117;8867544.0
118;8550163.0
119;8492525.5
120;12648781.0
121;10133964.835937
122;9724260.75
123;12781006.0
124;14116002.0
125;15583191.0
126;10763154.3125
127;45858296.0
128;8024243.09375
129;8162678.0
130;7730824.75
131;13966341.25
132;8459452.25
133;8948310.416016001
134;15191112.125
135;19473817.25
136;7150402.625
137;5889420.0
138;17288202.0625
139;9943945.0625
140;26488577.0
141;22272151.0
142;7482472.046875
143;10824771.75
144;76618505.774902
145;56353688.25
146;91780135.375
147;17935130.515625
148;8001907.78125
149;26625282.03125
150;22835468.75
151;284312123.65625
152;65340261.435546994
153;61578024.52832
154;110452861.421875
155;63588445.8125
156;14768702.0
157;66790461.804688
158;36712874.007812
159;67878911.0
160;9525792.0625
161;2884902.0
162;29297815.125
163;15568766.625
164;15337102.75
165;54796827.0
166;9935197.984375
167;32131681.75
168;107268960.73584001
169;15795700.0
170;45437084.125
171;44970006.672607
172;25967520.875
173;148998846.904297
174;27696004.0
175;18187581.1875
176;321232281.440918
177;29405143.625
178;28189948.4375
179;38660361.4375
180;31602291.03125
181;48559760.375
182;18112535.0625
183;14645755.03125
184;15120600.25
185;52461290.492188
186;12762342.4375
187;22291908.0
188;121383280.484375
189;40839592.09375
190;27975004.798584
191;156800862.17773402
192;188420331.261718
193;40902779.09375
194;72457034.5
195;182214656.453125
196;8878910.8125
197;14108975.0
198;48778066.90625
199;11816215.0
200;55027672.460938
201;59173568.148437
202;92117123.457031
203;35198826.5
204;37230447.015625
205;45698634.100586
206;50932396.25
207;36231545.546875
208;13127910.125
209;19879966.0
210;29088441.75
211;60762312.28125
212;18547728.875
213;23013285.676514
214;51620796.574219
215;25993861.75
216;14285311.21875
217;36699926.875
218;9381249.804686999
219;44575431.375
220;6531662.75
221;14342742.5
222;7317915.078125
223;25278523.0
224;5925150.5
225;8129579.625
226;9469311.890625
227;8262006.5
228;7250998.5
229;4655221.375
230;11634325.40625
231;5403968.5
232;33560456.0
233;6330257.375
234;10252574.0
235;33166209.65625
236;20304698.25
237;18066061.5625
238;62925600.125
239;13381537.28125
240;25183539.625
241;3062331.0
242;13042765.625
243;15936468.162109
244;2672673.625
245;13841003.75
246;8221957.125
247;43432792.839478
248;9628892.5
249;21650633.507813
250;17695285.5
251;16907545.742188
252;3701388.453125
253;23902297.476563
254;43248726.75
255;29393866.5
256;31656943.464844
257;23331082.359375
258;3536151.484375
259;16168068.121094
260;18899075.9375
261;14747290.439453
262;11536684.0
263;3664294.375
264;20510648.5
265;8718967.25
266;5368026.5
267;13717286.787109999
268;31398190.380859
269;17355025.4375
270;7335376.335938
271;13036106.125
272;8976574.0
273;14339828.511719
274;1538996.75
275;9435567.59375
276;8773758.804688
277;8246015.75
278;18975435.15625
279;63045817.5
280;21296478.9375
281;54571160.0
282;61332798.36084
283;28024440.0
284;20551094.0
285;54816003.75
286;30944942.0
287;16639878.125
288;17980080.5
289;17285226.0
290;20931816.5
291;44040652.0
292;33791038.5
293;32645150.0
294;6767961.0
295;49368666.0
296;9692873.5
297;86422032.75
298;18753610.5625
299;6418971.0
300;23435540.0
301;19190456.0
302;36650784.568359
303;19431594.875
304;17833013.0
305;101080712.8125
306;6234663.5
307;6763451.703125
308;72618518.8125
309;28829935.03949
310;12589031.0
311;5278752.125
312;11624499.9729
313;6007771.5
314;5940223.6875
315;4763727.125
316;19973895.875
317;6239479.5
318;16263882.25
319;82627250.78125
320;8804738.8125
321;8443184.875
322;10419098.804688
323;17100149.625
324;19898203.0
325;8465684.75
326;59341728.0
327;4555937.84375
328;5503949.75
329;34889799.0625
330;25237026.25
331;17656615.84375
332;11524279.5
333;52059390.25
334;27777800.875
335;8800408.053833
336;17968472.125
337;13123545.5
338;25188720.0
339;8559332.5
340;88891744.625
341;32940092.78125
342;46197318.25
343;81574947.011719
344;61058926.59375
345;36008343.074219
346;17543462.5
347;23278888.835938
348;27202389.625
349;24589451.0
350;26634768.03125
351;17910655.46875
352;34134716.0
353;15308172.577271
354;9526445.1875
355;4737980.0
356;48609292.0
357;7497289.0
358;18908305.453125
359;10979088.577148
360;9426742.0
361;5952830.53125
362;9059030.25
363;5109532.023438
364;5779904.875
365;10368617.0
366;17911704.0
367;15915829.0
368;3916341.320312
369;4462615.5
370;7112308.0
371;7784435.5
372;3739903.75
373;6749133.0
374;17276367.0
375;5091007.0
376;7376322.5
377;10330416.507812
378;17037500.5
379;40619132.0
380;14036677.5
381;14521940.140625
382;20126392.5
383;10245262.34375
384;5063180.53418
385;5008196.289062
386;10135733.25
387;9430656.0
388;17438607.25
389;25599734.90625
390;16098149.097656
391;6180800.5
392;7370167.398438
393;10036585.75
394;6030140.0
395;6987216.5
396;9184130.0
397;3366578.476562
398;4138045.25
399;2626800.4375
400;33909344.5
401;9793145.8125
402;6314653.5
403;8709418.625
404;9930373.25
405;11706753.0
406;8025869.0
407;5271182.875
408;7154263.1875
409;5502697.0
410;9392858.0
411;5598554.75
412;13458126.875
413;4701190.539062
414;13394112.625
415;7833747.375
416;15913748.476563
417;8790753.75
418;59124620.5
419;10241758.087891
420;7074279.0
421;8188832.75
422;8811422.0
423;9558232.0
424;2146242.5
425;45886004.0
426;12868237.078125
427;9198600.0
428;6526854.125
429;4814013.5
430;11034348.0
431;19863657.0
432;15130549.277344
433;7899509.5
434;6546360.0
435;17841896.8125
436;4742731.0
437;13757578.0
438;6206099.359375
439;5752648.375
440;4724772.5
441;5405395.0
442;9256644.3125
443;7074780.5
444;11483676.8125
445;3621159.75
446;4923611.5
447;6712668.34375
448;4102596.0
449;4396784.0
450;6691950.962646
451;17285815.375
452;15767216.0
453;5516466.0
454;5365566.0
455;7477033.75
456;15047615.5
457;7993021.671875
458;3787321.25
459;3958605.9375
460;10818228.0
461;9643562.21875
462;5088344.296875
463;8558986.0
464;7077616.5
465;8467406.0
466;11563988.0
467;6751267.5
468;6471783.5
469;11505539.0
470;6326323.0
471;5331309.5
472;4036924.9375
473;4365670.328125
474;7688080.8125
475;6660836.0
476;5718238.765625
477;1956727.625
478;6322373.152832
479;18190787.25
480;5225976.993164
481;7244706.5
482;7743339.9375
483;5272038.0
484;3414178.5
485;9974905.9375
486;7642778.5
487;6517157.0
488;2656452.5
489;3931232.25
490;5409983.375
491;5557163.0
492;5968118.0
493;7218637.25
494;11685026.625
495;8441375.75
496;4379801.0
497;6678861.25
498;14318881.0
499;5950099.5
500;9626874.75
501;3255444.5
502;6492112.25
503;7226897.78125
504;5068320.84375
505;12030124.0
506;5340059.4375
507;13277622.625
508;9929326.0
509;10984113.625
510;6385337.5
511;6579226.0
512;9760551.375
513;3525373.9375
514;8716579.34375
515;5696722.0
516;6614260.0
517;2886819.0625
518;11747623.0
519;11178935.728516001
520;9358613.125
521;6191693.25
522;7553137.5
523;6994112.5
524;12895110.0
525;9623343.0
526;23193503.0
527;13684172.84375
528;12101474.0
529;11090914.875
530;9481852.0
531;9795944.796875
532;12166215.0
533;9573647.421875
534;15870558.609375
535;7594369.5
536;10148337.5
537;15028502.0
538;10810261.875
539;12151729.863281
540;12202907.046875
541;11976135.0
542;9895479.0
543;11412694.0
544;10418583.624023
545;7573449.71875
546;17409006.0
547;10327618.5
548;18079099.5
549;6627570.75
550;6737130.204956
551;11120106.3125
552;12162845.0
553;11287045.0
554;12945334.0
555;9198585.0
556;9518259.625
557;10215944.9375
558;12532861.828125
559;10871027.0
560;15065681.0
561;9676389.375
562;7376196.5
563;13452828.0
564;7206208.5
565;7899880.25
566;12174205.46875
567;10998213.5
568;9354878.0
569;20870012.0
570;11370541.5
571;17674302.0
572;8747275.3125
573;16027872.5
574;12818409.453125
575;30186966.875
576;6618225.265625
577;5855582.28125
578;9355873.0
579;8785443.625
580;7499346.0
581;7166500.5
582;11116639.0
583;10679199.0
584;9955820.0
585;12788621.25
586;5053387.0
587;13528917.0
588;10237779.0
589;10711841.65625
590;8331105.162109
591;9639768.75
592;9085373.0
593;41529016.5
594;15529600.743408
595;9004543.828125
596;29621641.84375
597;11875719.941406
598;7712973.5
599;10925078.0
600;22738020.0
601;9466206.0
602;15099610.0
603;17762283.0
604;12114890.65625
605;8196415.75
606;6242625.0
607;6722767.0
608;6770531.0
609;14583205.5
610;9658569.0
611;12720067.375
612;24055978.5
613;12203005.75
614;14652432.0
615;10881516.0
616;8868261.75
617;7845073.726562
618;33127713.5
619;13357301.9375
620;8886836.398438
621;11150572.5625
622;18954618.25
623;9765097.572266001
624;13678763.375
625;19122456.914062
626;21158535.878906
627;15539283.0
628;7984592.78125
629;22206775.0
630;20802663.738281
631;21894458.25
632;7919670.5
633;24854549.546875
634;14335247.0
635;28398498.125
636;16568128.296875
637;27698848.875
638;9246308.140625
639;14215815.359375
640;6339380.625
641;14727853.5
642;35848176.199218
643;15076458.75
644;15212526.125
645;29677815.25
646;13485080.0625
647;12644957.248047
648;17341168.546875
649;5406955.4375
650;8734869.0
651;14849205.8125
652;10183955.578125
653;12969986.8125
654;36616587.75
655;8728966.0
656;15856976.675781
657;22504503.109375
658;5467293.0
659;22616336.25
660;17172423.409668
661;9253151.875
662;16992051.0
663;4267609.625
664;8729608.0
665;8623372.0
666;4316695.0
667;19025275.734375
668;11976461.0
669;3098465.0
670;12414228.21875
671;10972783.53125
672;7221473.125
673;32309363.0
674;10407909.40625
675;170793854.583557
676;4617124.625
677;8826574.75
678;8028366.3125
679;7812253.0
680;14448826.15625
681;8552254.0
682;50549015.0
683;7591013.5625
684;14028221.0
685;10150571.25
686;3422712.5
687;14688406.5
688;8345857.5
689;10403059.0
690;12627234.665497
691;4384595.570312
692;6987943.816406
693;12861020.0
694;13321392.625
695;6410934.5
696;2554343.59375
697;5972204.0
698;19368691.1875
699;20764013.302734
700;11536895.0
701;15278350.953125
702;8083082.75
703;10564265.0
704;6667061.9375
705;7471509.0
706;10300039.0
707;34508989.0
708;16282111.3125
709;15981774.75
710;29235643.53418
711;16800342.0
712;19826495.5
713;41818600.0
714;14892458.75
715;7838424.0
716;5966154.0
717;19768922.0
718;37624873.28125
719;7834197.875
720;13374038.75
721;7555425.0
722;5138264.5
723;35697049.0
724;4295198.0
725;13812966.25
726;15431287.5
727;7490024.375
728;7389779.125
729;14388529.5
730;10440421.625
731;23007691.0
732;16512839.0
733;9605958.75
734;3592054.5625
735;23523106.0
736;15295478.0
737;5089299.0
738;2849952.9375
739;6654755.875
740;8706181.0
741;6401025.25
742;17719040.0
743;4074021.234375
744;11556435.3125
745;7671658.0
746;31377401.0
747;32144844.0
748;12375694.0
749;5250935.5
750;5695287.0
751;19898302.0
752;7842929.875
753;17731854.5
754;4733881.063476
755;15568638.0
756;11875535.75
757;11319223.054688
758;50221376.109375
759;28101234.0
760;11961205.0
761;10542948.0
762;12769608.0
763;13835475.0
764;7933813.5
765;40797000.0
766;13169608.0
767;7998422.5
768;3356483.125
769;14089434.375
770;5225938.723633
771;9152613.75
772;15812973.5
773;8656893.0
774;10887567.59375
775;6859316.6875
776;9147927.0
777;9040360.75
778;11427970.25
779;12213392.0
780;14770149.0
781;9912215.0
782;8311996.765625
783;23387867.75
784;3734038.5
785;8124257.5
786;8308374.25
787;6947347.5
788;8429108.625
789;12886203.0
790;11693307.140625
791;14547294.0
792;10623065.125
793;18118312.125
794;11982146.5
795;28397570.5
796;10685101.0
797;12881971.25
798;12033732.0
799;11482697.8125
800;7489611.375
801;6785389.0625
802;14921250.0
803;12918363.0
804;6626853.0
805;12550820.0
806;13603137.0
807;21869050.0
808;11766773.5
809;36866109.5
810;8863787.0
811;14807036.0
812;14387296.929688
813;10241065.25
814;12334693.0
815;6306083.75
816;62906686.588135
817;14977881.0
818;13518634.25
819;8027213.75
820;12629272.0
821;1531932.074219
822;6252757.0
823;6549115.6875
824;7292823.0
825;7834139.75
826;7572656.15625
827;8147786.609375
828;20600482.0
829;10023503.907959
830;11871951.640625
831;9088115.0
832;9177932.75
833;6505918.0
834;4947024.375
835;11891850.5625
836;11493698.0
837;25816225.203125
838;11742537.0
839;7610699.5
840;9103303.0
841;3957031.953125
842;18704582.0
843;5486404.0
844;3274929.5
845;15904574.0
846;8086946.625
847;15408947.0
848;10583279.137451
849;7197468.1875
850;10458104.246094
851;11522180.0
852;8762219.0
853;6608041.5
854;8676209.0
855;12140338.0
856;9464455.0
857;8671101.25
858;8463140.0
859;6939056.5
860;10901906.875
861;8828053.1875
862;12707459.0
863;23927841.625
864;8659236.0
865;10220993.0
866;10221092.0
867;10505994.75
868;15820211.5
869;5563198.25
870;8156299.375
871;6292443.09375
872;10497814.0
873;6962060.0
874;8714158.25
875;8623750.625
876;17173053.3125
877;14936222.125
878;6043640.734375
879;7654336.0
880;6120062.0625
881;16242679.0625
882;11201765.125
883;13667231.5
884;15684085.375
885;14066668.0
886;9772560.0
887;8585644.0
888;7209855.992188
889;12680312.0625
890;7149655.0
891;11471157.414063
892;9593637.125
893;7768714.5
894;6666143.171875
895;10137212.0
896;7291052.0
897;11506145.0
898;9427831.0
899;10358297.0
900;47680356.125
901;11188475.375
902;9623905.8125
903;13487214.0
904;7325979.75
905;11803581.0
906;8842031.0
907;6582228.25
908;7968259.03125
909;11884616.25
910;13551522.0
911;16926495.5
912;7784635.5
913;9085553.25
914;13224504.0
915;15838975.5
916;13183312.0
917;17786232.0
918;8295323.125
919;12703812.25
920;6528995.722656
921;10215999.8125
922;8994168.0
923;10120230.0
924;10394084.25
925;9210952.0
926;12866174.75
927;9674417.0
928;11719373.5
929;9620706.0
930;10135101.0
931;11738740.0
932;8536295.375
933;10155658.0
934;8838617.0
935;13219220.0
936;22243436.25
937;10575839.25
938;10966312.0625
939;13414229.0
940;16225252.5
941;6890931.5
942;9306063.25
943;10892130.75
944;47457407.0
945;12875272.5
946;10264238.5
947;25614365.34375
948;6633066.4375
949;20327354.0
950;8061751.107422
951;8605844.0
952;15403680.0
953;12217082.25
954;5912069.90625
955;10429187.265625
956;6195130.5
957;8802475.0
958;5981017.75
959;11624724.0
960;18538432.5
961;9670974.75
962;7325693.75
963;6128464.75
964;4085310.5
965;10146060.0
966;7750775.5
967;5330001.59375
968;5959861.808594
969;9788203.25
970;4335364.5
971;7209959.578125
972;13501293.5
973;14097723.625
974;7941064.5
975;7858108.5
976;6600314.5
977;7564675.0
978;3392475.5
979;20184730.0
980;8836084.0
981;5102249.0
982;9168593.925781
983;4014678.75
984;12471119.0
985;7959007.6875
986;5591676.25
987;4731140.5
988;10039183.5625
989;8443159.75
990;14766010.125
991;4879571.25
992;4383234.0
993;4467809.0
994;22454774.769531
995;6339525.0
996;10329592.75
997;8680320.0
998;4136289.476562
999;4838816.5
1000;5540581.6875
1001;4796581.9375
1002;7525226.125
1003;9800388.25
1004;14055335.125
1005;11772186.0
1006;4196953.25
1007;4287507.257812
1008;12133476.0
1009;8652137.5
1010;22493594.5
1011;14517858.75
1012;5721391.07373
1013;9897435.25
1014;6826318.5
1015;5847828.5
1016;48302202.84375
1017;6884201.5
1018;6093157.171875
1019;11492353.78125
1020;6850985.0
1021;8148276.90625
1022;8591624.0
1023;4061114.03125
1024;7719625.0625
1025;7822419.0
1026;11577190.0
1027;5431262.40625
1028;6548326.5
1029;7764006.0
1030;13688063.84375
1031;6019208.0
1032;7015451.34375
1033;7716236.742188
1034;5706666.388306
1035;14008132.0625
1036;3222165.5
1037;6198972.5
1038;7103520.78125
1039;11264896.5
1040;4343868.5625
1041;11391165.0
1042;4215934.5
1043;6113368.0
1044;5676772.5
1045;5526215.0
1046;6223272.5
1047;6094797.65625
1048;6478553.793945
1049;11309263.320312
1050;11394582.0
1051;3556586.0
1052;6165012.5
1053;13254166.0
1054;7503427.0
1055;3124544.375
1056;16864653.703125
1057;5056153.945312
1058;5592320.0
1059;8839427.0
1060;18728809.9375
1061;1817812.0
1062;8871141.0
1063;7101593.235962
1064;7156003.5
1065;10843137.75
1066;10646970.0
1067;6140185.0
1068;4478398.625
1069;5748599.5
1070;10212331.0
1071;2924388.25
1072;6340213.0
1073;6780720.640625
1074;6967218.375
1075;11243315.210938
1076;5926184.914062
1077;6717662.125
1078;18877688.0
1079;6544330.5
1080;6387538.25
1081;15478391.0
1082;13086701.84375
1083;8314157.984375
1084;5485681.125
1085;11514895.0
1086;20609579.25
1087;13764940.25
1088;17339688.75
1089;26481960.0
1090;11982210.75
1091;6197228.25
1092;36069918.9375
1093;11641285.75
1094;10310975.117188
1095;8210849.625
1096;19302418.8125
1097;29823585.25
1098;4418004.0
1099;5779790.625
1100;10768693.5625
1101;13119202.25
1102;12801937.3125
1103;10014152.0
1104;7990455.863281
1105;9736767.5
1106;12478956.875
1107;21966612.5625
1108;11423938.15625
1109;13707409.0
1110;13439589.8125
1111;17282526.0
1112;16566896.5
1113;12503837.625
1114;10229145.75
1115;22423632.0625
1116;20846808.0
1117;19403964.3125
1118;8241157.75
1119;8651732.898438
1120;32882190.5
1121;5041975.5
1122;14399905.625
1123;16230716.5
1124;10602845.0
1125;3359531.0
1126;5351533.0
1127;5819869.0
1128;21331859.75
1129;11513434.060059
1130;8811252.0
1131;10586843.0
1132;34983536.0
1133;25472720.375
1134;11055586.0
1135;11307577.608887
1136;14248391.0
1137;12817485.484375
1138;26403207.5
1139;7012983.75
1140;6842413.5
1141;5520931.0
1142;14495091.0
1143;13179044.0
1144;13517416.0
1145;31095176.53125
1146;22171037.0
1147;42085654.026367
1148;4423538.5
1149;46518414.671875
1150;18493666.5
1151;36038957.125
1152;17845151.0
1153;82442064.203125
1154;2119619.039062
1155;39978940.0
1156;44023560.0
1157;20281140.0
1158;80117296.0
1159;15143760.9375
1160;42472156.0
1161;77130588.0
1162;15996304.25
1163;18811697.312468998
1164;10605015.734375
1165;8718380.171875
1166;17450246.03125
1167;9744284.787109
1168;31695360.5
1169;15318133.0
1170;24229130.53125
1171;25062689.383789
1172;6612749.59375
1173;48140038.375
1174;51507211.827881
1175;12603326.75
1176;13418593.25
1177;6865681.25
1178;9293560.914062
1179;22165323.25
1180;14335889.0
1181;14099116.152344
1182;12906619.0
1183;56604825.5625
1184;36557954.5
1185;17343760.375
1186;23756946.625
1187;24756746.1875
1188;8951770.941406
1189;11106683.5
1190;23982677.426514
1191;45444816.5
1192;19608417.146484
1193;8605593.40625
1194;32281415.0
1195;13146747.5
1196;26687231.5
1197;29456904.0
1198;8033619.5
1199;10415521.0625
1200;24428786.0
1201;9677304.0
1202;8042104.5
1203;8269990.5
1204;7945457.4375
1205;10802198.5
1206;5893707.0
1207;27346752.8125
1208;11849229.5
1209;15508494.0
1210;13508865.80957
1211;12691019.4375
1212;17761799.1875
1213;18524461.503906
1214;10568306.697265
1215;22469288.5
1216;7328180.6875
1217;15414219.515625
1218;13258076.75
1219;9286710.75
1220;18546428.5
1221;9165979.0
1222;35386118.25
1223;7848906.75
1224;12531095.5
1225;10178467.65625
1226;12079145.3125
1227;10496749.0
1228;10913106.125
1229;15052941.0
1230;13522051.25
1231;8317503.40625
1232;24824398.375
1233;13630155.893555
1234;11050755.0
1235;22563482.0
1236;23850332.0
1237;8827829.0
1238;53561628.0
1239;3420965.73555
1240;7101346.649414
1241;25481266.131409
1242;8795733.75
1243;15149458.25
1244;16703117.625
1245;8193386.8125
1246;41398460.0
1247;15286546.34375
1248;13399234.0
1249;9148612.625
1250;19160366.625
1251;13111456.734375
1252;13590505.5
1253;9253108.0
1254;20655936.0
1255;21933351.25
1256;8139148.486328
1257;12481078.3125
1258;7020304.0
1259;13619467.125
1260;12026537.0
1261;83705603.75
1262;11482239.0
1263;10347925.5
1264;9795950.5
1265;7973186.703339
1266;12144587.349609
1267;27936629.0
1268;9134611.34375
1269;13724523.75
1270;22979023.875
1271;22941767.5
1272;13271897.0
1273;11500351.0
1274;15042307.6875
1275;9738167.75
1276;13430910.941406
1277;17115594.0
1278;5419757.55864
1279;11973200.6875
1280;36445742.375
1281;98739452.0
1282;14168683.785156
1283;28849075.0
1284;17666566.5
1285;15667795.0
1286;7235794.5
1287;9306068.0
1288;9052168.28125
1289;20642350.0
1290;20535817.5
1291;10048837.5
1292;11805905.0
1293;13363737.0
1294;11049209.8125
1295;9496799.375
1296;21360596.0
1297;8936216.9375
1298;14135751.0
1299;19743116.0
1300;37564683.25
1301;8500073.125
1302;15237863.064941
1303;14064122.0
1304;12484576.0
1305;17790855.5
1306;15982495.0
1307;9107614.928711
1308;83083186.1875
1309;7698608.0
1310;12667966.75
1311;10122535.75
1312;25754345.761718
1313;14448544.0
1314;7913289.25
1315;15008923.5
1316;11838242.875
1317;16127498.5625
1318;10243524.25
1319;13040987.96875
1320;8072943.0
1321;7357483.0
1322;8551352.0
1323;11662970.5
1324;10882770.0
1325;11595979.375
1326;5668064.125
1327;11421192.0
1328;18215686.0
1329;20060944.25
1330;13413921.0
1331;8845323.234375
1332;14889585.0
1333;15293276.0
1334;9756896.25
1335;10865418.0
1336;26794279.0625
1337;35320394.0
1338;9406382.0
1339;8637027.75
1340;30119841.9375
1341;20484328.0
1342;7223371.359375
1343;30930252.0
1344;9463289.0
1345;5441490.53125
1346;13424710.5
1347;13843541.125
1348;16380545.8125
1349;12628119.0
1350;17071968.5625
1351;11628367.921875
1352;14113357.0
1353;8891101.9375
1354;33973287.0
1355;65483832.265625
1356;7547781.4375
1357;10928284.5
1358;14782808.0
1359;7465899.21875
1360;9760551.878906
1361;7088389.0
1362;8993702.875
1363;24108894.0
1364;10700710.0
1365;16070711.792969
1366;20876944.5
1367;8466445.75
1368;10785209.5
1369;8300331.5
1370;11128960.5
1371;9625703.546875
1372;10328475.0
1373;15185010.625
1374;18613786.0
1375;7623352.637695
1376;13874901.0
1377;21710864.783447
1378;15406955.304688
1379;14970480.0
1380;11453721.0
1381;20183357.0
1382;7423295.132812
1383;12706236.6875
1384;11983558.75
1385;14394558.625
1386;11604622.75
1387;6765665.25
1388;9376116.917969
1389;15829932.25
1390;8795729.25
1391;10504876.729492
1392;6419848.0
1393;19557417.0
1394;14142011.5
1395;7970580.5
1396;27443524.0
1397;7778744.0
1398;8004505.5
1399;9167431.625
1400;9250495.0
1401;11240778.0625
1402;12478116.0
1403;11084802.0
1404;21915377.4375
1405;8137936.875
1406;32582792.0
1407;5952987.0
1408;6571334.0
1409;6297025.538086
1410;12345808.5
1411;10128962.0
1412;7242993.609375
1413;12712891.0625
1414;16938284.5
1415;5535477.5
1416;58573584.0
1417;28288521.8125
1418;18427531.5
1419;21128210.0
1420;5685636.0
1421;15154664.25
1422;7646467.0
1423;14731769.25
1424;9611095.0
1425;13262396.0
1426;7544627.271484
1427;13823663.0
1428;11042602.0
1429;4731213.03125
1430;6344102.910156
1431;7254947.625
1432;10402511.28418
1433;8291565.53125
1434;11339114.25
1435;10201197.0
1436;13075446.75
1437;9776159.0
1438;8940793.5
1439;6771456.0
1440;12327153.636719
1441;18341891.5
1442;13604336.020996
1443;8508778.28125
1444;7769665.25
1445;10053584.375
1446;11065835.625
1447;14837479.625
1448;11667698.84375
1449;12967009.0
1450;6662706.5
1451;12830753.5625
1452;8875597.828125
1453;14241091.5
1454;18026466.5
1455;7800207.5
1456;7239497.375
1457;7772339.59375
1458;8550737.59375
1459;8883781.0
1460;30538662.21875
1461;7280098.0
1462;10972607.0
1463;15169664.625
1464;12429155.625
1465;11771623.166016
1466;9611633.9375
1467;3855273.109375
1468;14435064.0
1469;79166465.084961
1470;11080526.0
1471;4943704.0
1472;10926527.0
1473;7796709.0
1474;13556756.0
1475;17762122.0
1476;15381909.5
1477;15504692.0
1478;12211996.875
1479;3037277.96875
1480;11487378.476563
1481;9982481.0
1482;9145658.75
1483;8847798.625
1484;9490494.140503
1485;8001429.53125
1486;10028280.34375
1487;7097892.25
1488;12535902.3125
1489;5441608.5
1490;11056919.625
1491;10385925.125
1492;10857470.53125
1493;6502674.5
1494;11585723.0
1495;7115316.75
1496;9043700.0
1497;5461507.0
1498;5874237.875
1499;23612135.0
1500;14653109.5
1501;7842224.943359001
1502;9315548.25
1503;8080989.375
1504;8749819.0
1505;28632087.5
1506;13045976.0
1507;11553006.5
1508;24521039.792847
1509;6406633.75
1510;3523493.59375
1511;10772797.625
1512;20085538.207825
1513;6636207.125
1514;6882698.5
1515;18065078.0
1516;10090444.375
1517;10080990.25
1518;16651716.4375
1519;12933958.0
1520;10659399.0
1521;11359556.0
1522;11932704.5
1523;14102119.0
1524;20294006.5
1525;5924664.5
1526;12884853.875
1527;18555222.3125
1528;9163215.9375
1529;14265422.875
1530;16410715.75
1531;7984873.0
1532;8413400.140625
1533;9320563.0
1534;10500798.0
1535;10208061.0
1536;13845387.0
1537;11176949.3125
1538;15700451.0
1539;8302275.386719
1540;10023182.0
1541;7963998.9375
1542;6178047.0
1543;20382547.25
1544;11323356.0
1545;4184029.75
1546;10634182.0
1547;8115962.875
1548;6262124.625
1549;11758179.072205
1550;7441523.75
1551;7260462.5
1552;8530307.0
1553;7459430.5
1554;7531475.0
1555;9087293.0
1556;6408713.5
1557;7373116.0
1558;9972779.25
1559;10923214.25
1560;14098592.40625
1561;7045976.125
1562;12336289.375
1563;9100927.1875
1564;12952160.0
1565;30970535.847656
1566;28382915.21875
1567;21283796.699219
1568;9703044.125
1569;11465834.033645999
1570;16948462.75
1571;26597005.875
1572;10779759.25
1573;19256052.5625
1574;5995536.171875
1575;6108469.625
1576;13040891.09375
1577;10908145.476562
1578;15629386.5
1579;38729456.365234
1580;17197949.195312
1581;14923035.90625
1582;25866544.963867
1583;10474169.0
1584;7888022.5
1585;23783718.539062
1586;20132732.5
1587;10127399.625
1588;17013087.5625
1589;9855339.41333
1590;26034179.417969
1591;28097253.207031
1592;18073585.875
1593;8122210.054688
1594;10320198.86914
1595;15360614.5
1596;31147715.3125
1597;13900222.921875
1598;14506635.375
1599;16504634.890625
1600;23503663.25
1601;14553927.875
1602;13154536.083008
1603;5387149.75
1604;6673760.144531
1605;19944475.140625
1606;12239963.8125
1607;13212479.0625
1608;20702306.553711
1609;21430903.085937
1610;11252259.75
1611;11997905.6875
1612;13035337.285156
1613;12828638.348632999
1614;13859905.375
1615;14552891.375
1616;8285823.234375
1617;21413887.5
1618;6354658.644531
1619;5071100.703125
1620;34187425.733887
1621;15426021.25
1622;5957909.5
1623;5253717.25
1624;8930115.0
1625;9170470.292969
1626;5818751.0
1627;14883624.875
1628;14557503.75
1629;12867781.0
1630;30405922.652222
1631;24059232.0
1632;9750419.25
1633;18764584.0
1634;3203656.234375
1635;10028247.0
1636;18736592.25
1637;5035265.9375
1638;11794161.4375
1639;18045720.5
1640;16422501.078125
1641;10757262.1875
1642;18680601.650391
1643;7226178.25
1644;33496997.9375
1645;16501153.0
1646;3911064.5
1647;3898962.6875
1648;24628180.0
1649;8365276.8125
1650;24535831.0
1651;19067870.0
1652;10086061.5
1653;12419219.875
1654;34278964.0
1655;11669856.84375
1656;4614220.0
1657;3941311.75
1658;12492569.0
1659;20469590.0
1660;4381198.03125
1661;53574797.03125
1662;6010457.75
1663;5329234.5
1664;13859137.0
1665;16865300.0
1666;7350405.0
1667;16050126.132812
1668;16402016.5
1669;25672120.9375
1670;14145483.359375
1671;30274278.0
1672;6844965.541992
1673;10849812.0
1674;12053013.0
1675;11063154.0
1676;66681416.0
1677;9741806.625
1678;16391835.1875
1679;3929212.0
1680;11874252.1875
1681;10178091.527344
1682;9942290.96875
1683;11789533.5
1684;21305893.5
1685;15903270.5
1686;8449843.0
1687;20508905.875
1688;17433441.25
1689;14994570.625
1690;20368146.523438
1691;4567148.5
1692;7904822.0
1693;7746411.5
1694;4061291.25
1695;6039334.208496
1696;25109726.363281
1697;26873410.0
1698;18247589.875
1699;12494059.5
1700;15921172.5
1701;18274507.540161
1702;7904277.5
1703;9955234.75
1704;11307323.785645
1705;18139920.1875
1706;19346216.734375
1707;6633107.5
1708;8400752.421875
1709;4397528.375
1710;25164373.3125
1711;8565834.0
1712;16688651.0
1713;6148998.0
1714;87115524.0625
1715;15733163.5625
1716;7731794.25
1717;11062685.5
1718;19209804.0
1719;11585344.75
1720;6413283.5
1721;7358145.5625
1722;18834001.75
1723;13781347.5
1724;9109898.5625
1725;11204333.53125
1726;23430221.0
1727;17429847.1875
1728;8346903.25
1729;35693042.5
1730;14689562.5
1731;10145802.5
1732;14826423.578125
1733;11310909.375
1734;5868238.25
1735;12267847.8125
1736;6073810.0
1737;25218355.90625
1738;6863054.125
1739;9181260.8125
1740;12362933.0
1741;10975864.0
1742;13138920.75
1743;11504672.5
1744;7583617.0
1745;10380630.0
1746;19145914.0
1747;7670289.484375
1748;26011088.0
1749;23028892.771484002
1750;25519958.875
1751;20743212.0
1752;10521495.65625
1753;5717561.515625
1754;15907068.108521
1755;11059383.625
1756;8680783.75
1757;23677881.84375
1758;13567123.875
1759;8567339.0
1760;10248070.3125
1761;7612081.0
1762;9364955.625
1763;7536730.25
1764;5809280.269531
1765;8482303.25
1766;24130776.5625
1767;25659762.0
1768;8798103.5
1769;13739510.75
1770;13523699.5
1771;29891163.375
1772;17179226.0
1773;28802327.625
1774;9309603.75
1775;11017052.545898
1776;2225442.980469
1777;6277220.5
1778;8445025.0
1779;18521720.0
1780;2268765.5
1781;7858082.880859
1782;6473192.5
1783;4931298.75
1784;8825081.75
1785;4974859.0
1786;10093295.109375
1787;6629454.5625
1788;16412229.625
1789;8189452.78125
1790;8694681.0
1791;7041745.625
1792;11437457.25
1793;18811904.0
1794;16598692.625
1795;11468562.5
1796;41536518.265625
1797;6281310.625
1798;5512198.25
1799;8285354.5
1800;16840809.875
1801;8067324.0
1802;5641296.125
1803;6237171.0
1804;9370527.5
1805;7430935.875
1806;7953879.0
1807;2379519.96875
1808;5823797.25
1809;4849752.25
1810;2815137.5
1811;13821736.0
1812;4798971.625
1813;5887523.5
1814;15017528.0
1815;10523732.0625
1816;2001677.0
1817;6483872.25
1818;19062956.0
1819;7242230.0
1820;4650178.875
1821;7725931.0
1822;5235992.0
1823;6874685.25
1824;13138021.875
1825;11730520.5
1826;12289711.5
1827;4720695.625
1828;32614632.375
1829;2273786.640625
1830;23492664.5
1831;2472496.0625
1832;10472388.0
1833;2616240.640625
1834;7446305.28125
1835;8478257.75
1836;4901142.921875
1837;5853870.625
1838;7208375.3125
1839;10974624.28125
1840;5387816.5
1841;8406463.5
1842;7670982.0
1843;7937839.8125
1844;12603287.5
1845;6360395.0
1846;7002247.25
1847;6798829.6875
1848;4756830.75
1849;11190033.0
1850;17976384.0
1851;11988156.5
1852;10440031.0
1853;8631821.75
1854;5944441.5
1855;6053302.75
1856;12275571.0
1857;16756792.6875
1858;9135994.0
1859;2956923.3125
1860;5237832.0
1861;5670334.375
1862;6850337.0
1863;2951861.25
1864;7544508.25
1865;6507298.5
1866;12124580.0
1867;13623056.3125
1868;18497816.5625
1869;16103279.25
1870;20795393.75
1871;31183016.625
1872;37943281.25
1873;30137661.0
1874;36226488.0
1875;14092386.574218001
1876;10868637.5
1877;29059948.5
1878;40057608.0
1879;39426362.21875
1880;27513240.601562
1881;14005546.0
1882;16204335.5625
1883;25446402.0
1884;26628231.09314
1885;13836913.0
1886;19204120.5625
1887;26135779.0
1888;41237552.734375
1889;47169848.0
1890;36624857.966797
1891;38579570.75
1892;17685525.5
1893;12604737.0
1894;24677910.359375
1895;16688005.0
1896;19139423.507812
1897;15253154.5
1898;54233565.0
1899;35766945.359375
1900;61052558.523437
1901;32725241.613281
1902;34440964.75
1903;19040188.5
1904;20438658.835938
1905;46018069.805954
1906;59503442.5
1907;24976123.40625
1908;33804338.0
1909;16557889.0
1910;20359623.824951
1911;55379301.0
1912;28843252.0
1913;2203084.25
1914;29188020.5625
1915;52505133.072266
1916;17796168.28125
1917;48214147.1875
1918;29602542.0
1919;64052834.5
1920;19619908.0
1921;41295707.5
1922;25045844.46875
1923;66788410.5
1924;39529735.75
1925;44012503.5
1926;33421401.25
1927;20602035.203125
1928;33410920.0
1929;37269635.25
1930;17291559.5625
1931;5026579.5
1932;13419374.96875
1933;129351608.226562
1934;7982660.25
1935;45760652.25
1936;5984928.875
1937;9237883.668518
1938;25060048.297362998
1939;11450863.273438
1940;13455869.949219
1941;15305556.75
1942;8552463.504394999
1943;36566786.185545996
1944;18021853.902344
1945;2554441.117188
1946;42297583.125
1947;18533706.25
1948;26835821.84375
1949;20063038.0
1950;14319730.0
1951;27090304.0
1952;11287462.75
1953;26223900.341797
1954;15523291.328125
1955;19342489.875
1956;11854467.5
1957;29264096.03125
1958;19166307.4375
1959;14497636.0
1960;24602335.0
1961;31804828.365234
1962;61188014.9375
1963;21123222.0
1964;16752552.859375
1965;7264663.84375
1966;13627532.0
1967;14700383.25
1968;6972304.28125
1969;17497142.8125
1970;27574690.0
1971;18462892.0
1972;12250228.77832
1973;16110427.0
1974;13627061.171875
1975;52033173.0
1976;12746504.0
1977;49281824.0
1978;12571654.0
1979;18312082.578125
1980;32705080.839844
1981;40993120.0
1982;40631840.8125
1983;8633437.859375
1984;20896250.0
1985;18235614.5
1986;21088781.5625
1987;11351563.25
1988;31752848.0
1989;18670333.0
1990;10968401.630127
1991;16259410.0
1992;8504278.890625
1993;89509491.5
1994;30695678.875
1995;23129282.0
1996;12091873.0
1997;12778909.75
1998;22964725.625
1999;34142499.25
2000;6006992.5
2001;11456439.935547
2002;11030151.328125
2003;31529606.0
2004;50012137.172852
2005;10196784.0
2006;13173662.5
2007;15770681.265625
2008;14631291.125
2009;6670139.0
2010;21821603.25
2011;11044039.5625
2012;13419893.0
2013;17081099.5
2014;14804810.5
2015;11655637.8125
2016;19704721.5
2017;12399853.6875
2018;24384014.5
2019;19784135.402344
2020;11321004.5
2021;8593201.0
2022;10722929.0
2023;16917838.0
2024;18990302.0
2025;7804057.0
2026;10986204.125
2027;64201643.0
2028;13696065.0
2029;9729842.0
2030;22077991.0
2031;14327822.5
2032;17785190.0
2033;75714522.0
2034;11450827.8125
2035;10853033.0
2036;10638643.25
2037;13335399.0
2038;20072076.0
2039;16240033.25
2040;9392958.625
2041;7995158.4375
2042;11314074.458985
2043;10266690.0
2044;9616969.125
2045;47812560.0
2046;18730930.0
2047;8108226.15625
2048;11276958.796875
2049;11025001.0
2050;12894335.0
2051;12803581.0
2052;11433758.0
2053;27389182.0
2054;18542793.125
2055;24900960.0
2056;29832155.492188
2057;11192219.5
2058;7646019.875
2059;9926064.5
2060;20131288.0
2061;8794923.0
2062;27994782.5
2063;13793018.5
2064;10753452.0
2065;10097741.5
2066;9990178.25
2067;38940121.375
2068;18123504.5
2069;10000592.070312
2070;9756610.0
2071;8669968.0
2072;9919756.0
2073;10958924.109375
2074;8660834.0
2075;8831568.1875
2076;22177520.75
2077;11209314.5
2078;10552707.75
2079;19688130.0
2080;17105031.0
2081;13927897.5
2082;14592613.125
2083;11528424.0
2084;10784991.0
2085;33286274.183594
2086;43413734.0
2087;26680302.0
2088;18366240.359375
2089;12247590.296875
2090;10818270.0
2091;6567361.0
2092;1634856.338776
2093;10919061.0
2094;19437675.1875
2095;12532712.0
2096;25115813.0
2097;21660670.53125
2098;15939975.0
2099;8764205.75
2100;13809443.390625
2101;11222732.0
2102;16021247.9375
2103;18435420.375
2104;12560741.625
2105;16771445.75
2106;12012961.0
2107;23725663.125
2108;23236740.25
2109;10954838.5625
2110;13579415.9375
2111;5277975.0
2112;24123535.75
2113;27327092.25
2114;12058788.0625
2115;16034603.125
2116;10534831.65625
2117;19187654.75
2118;21918620.0
2119;15192179.5
2120;16899836.21875
2121;13007477.25
2122;25837237.0
2123;9900039.277344
2124;17619256.0
2125;12745422.15625
2126;15467136.375
2127;6478456.0
2128;10489361.875
2129;7580655.054688
2130;9527144.246094
2131;15556639.75
2132;7206415.273438
2133;6346757.0
2134;18216401.4375
2135;18965269.371094
2136;14644182.3125
2137;7580787.0
2138;20586541.6875
2139;15801651.0
2140;19885989.0
2141;9047226.875
2142;5465970.0
2143;18639264.96875
2144;18596431.0
2145;15688225.625
2146;22860092.0
2147;6796487.0
2148;27061390.9375
2149;16424950.0
2150;18126755.0
2151;5471277.34375
2152;14515327.828125
2153;65895036.0
2154;14163416.75
2155;29238573.21875
2156;11289570.203125
2157;22249588.5
2158;11712560.0
2159;17852706.96875
2160;13932891.109375
2161;10907555.0
2162;17144644.5
2163;11275478.0
2164;20093778.0
2165;13240781.0
2166;16839844.75
2167;12394807.0
2168;21895200.75
2169;11636667.5
2170;54548095.5
2171;17199110.0
2172;9659329.47815
2173;12188365.210937
2174;17121719.875
2175;14431876.5
2176;29927113.25
2177;12515005.75
2178;40776260.625
2179;11032561.0625
2180;19160545.125
2181;17699482.125
2182;11283344.296875
2183;12424732.0
2184;34525313.625
2185;54561846.741211
2186;9420245.5625
2187;26048108.25
2188;31301240.21875
2189;8019201.25
2190;36729334.059814
2191;11417178.0
2192;19055142.75
2193;49208646.90625
2194;14596425.875
2195;60619138.875
2196;41385451.625
2197;30374028.0625
2198;44089916.46875
2199;15721647.5
2200;32996984.734375
2201;39826376.023438
2202;11400023.0
2203;6348317.089844
2204;14140468.5
2205;35852153.25
2206;26648395.132812
2207;16891084.4375
2208;8858576.40625
2209;35338771.5
2210;15824784.765625
2211;14452438.625
2212;16983942.0
2213;80011904.0
2214;18196529.007812
2215;22802951.75
2216;47037436.0
2217;20678416.21875
2218;41813732.0
2219;18853821.733887
2220;30207309.352539
2221;28539418.0
2222;12867091.59375
2223;4058367.125
2224;32317286.0
2225;49811434.75
2226;21706708.5
2227;15271536.0
2228;17709062.25
2229;14779550.5
2230;29228539.0
2231;31446744.988281
2232;22681085.5
2233;29649248.125
2234;24344831.0
2235;10764490.03125
2236;30102969.898438
2237;24062446.125
2238;5281229.27539
2239;23964906.0
2240;11652930.0
2241;15855157.4375
2242;15950879.59375
2243;22652973.0
2244;16033387.75
2245;9289836.5
2246;16852355.279724
2247;24868342.0
2248;27836613.75
2249;48092606.0
2250;37939166.5
2251;16922718.625
2252;27718188.75
2253;14894256.921875
2254;24906286.0
2255;50167948.0
2256;10287491.375
2257;5060723.96875
2258;25301053.8125
2259;25557231.5
2260;17968805.265625
2261;13061734.6875
2262;34798377.25
2263;15893743.0
2264;11474391.25
2265;23968726.0
2266;6190362.125
2267;10459317.222656
2268;27743915.75
2269;18060909.5
2270;19677890.0
2271;9276024.0
2272;16092450.0
2273;45862110.0
2274;7371886.0
2275;15185016.375
2276;13121770.09375
2277;36747858.875
2278;42943518.0625
2279;2141995.968628
2280;12649879.5625
2281;7102090.0
2282;33691084.125
2283;17405011.5
2284;8233801.0
2285;32067039.75
2286;6670618.90625
2287;30172434.0
2288;18714148.0
2289;27288451.5
2290;8018927.859375
2291;10325020.03125
2292;17608728.004883
2293;8582107.25
2294;12051784.179722
2295;15035816.8125
2296;12589039.796875
2297;36477529.75
2298;18229589.0
2299;15284040.90625
2300;10877006.25
2301;17170457.75
2302;8410542.217773
2303;12326281.0
2304;24560627.0
2305;17693522.342772998
2306;44469822.0
2307;10449569.5
2308;9436244.78125
2309;45771427.220703
2310;14141352.0
2311;16967625.65625
2312;9460422.0
2313;14413206.625
2314;19262449.5
2315;33482240.25
2316;5968132.21875
2317;11293558.0
2318;8813886.609375
2319;13942773.0
2320;16795883.09375
2321;30209224.75
2322;18595489.75
2323;38290302.0
2324;8697489.5625
2325;42310367.75
2326;20063938.25
2327;10268233.0
2328;14746814.172485
2329;26565630.0
2330;9757606.0
2331;17766976.232544
2332;2754137.554688
2333;8526573.0
2334;13572406.559876
2335;8335702.0
2336;9429388.0
2337;9609441.0
2338;21396851.0
2339;12298525.1875
2340;11922984.0
2341;8698724.125
2342;10858141.5625
2343;5543965.0
2344;12785590.75
2345;7988432.875
2346;5252556.476562
2347;9619349.0
2348;8746680.25
2349;6636421.59375
2350;13176728.0
2351;9769424.875
2352;11109801.875
2353;8538820.0
2354;9618475.25
2355;8212546.798828
2356;7415069.75
2357;11071550.0
2358;7380407.5625
2359;6885892.25
2360;9903325.375
2361;7650357.5
2362;11626736.0
2363;5742777.375
2364;15030270.75
2365;4960963.4375
2366;9791696.5625
2367;9445697.224609
2368;15847586.0
2369;7460640.938751
2370;12852543.0
2371;16103600.875
2372;9718806.0
2373;15771899.75
2374;6403343.0
2375;8548370.0
2376;26776324.875
2377;9313359.265625
2378;9407384.0
2379;7918837.5
2380;32134641.769531
2381;7505389.935547
2382;12671930.84375
2383;18267157.5
2384;8568656.79834
2385;11033254.5
2386;14847447.25
2387;7111070.25
2388;6694706.0
2389;8517141.875
2390;12201243.5
2391;8569046.625
2392;12628350.0
2393;6401254.5
2394;8212490.5
2395;5683327.5
2396;11347419.0
2397;9050480.0
2398;4930152.9375
2399;6910142.5
2400;15626388.0
2401;12436857.875
2402;8274542.328125
2403;11144863.5
2404;12425850.125
2405;9415263.25
2406;5723851.5625
2407;11153670.0
2408;5060587.34375
2409;11075131.75
2410;5297201.71875
2411;8610980.0
2412;16238905.5
2413;4348678.5
2414;50872926.804688
2415;6601686.0
2416;5975845.0
2417;12851607.875
2418;12462412.5
2419;14705712.5
2420;6973229.589844
2421;11205828.25
2422;6611988.5
2423;13943484.0
2424;17522329.5
2425;13671783.0
2426;5666307.0
2427;9556412.0
2428;8072437.5
2429;3795589.0
2430;10193292.0
2431;32832027.875
2432;11033176.4375
2433;3415688.0
2434;10365997.5
2435;11577008.875
2436;8539346.0
2437;11546808.125
2438;9643156.6875
2439;5707404.5625
2440;11845072.21875
2441;4779517.390625
2442;37267483.5
2443;4745849.901520001
2444;10312900.0
2445;2814284.75
2446;9983441.0
2447;7434882.203125
2448;11956027.0
2449;10805269.625
2450;6130456.75
2451;16465766.5
2452;4028566.5
2453;7287456.5
2454;10930470.0
2455;13441784.0
2456;2315819.5
2457;12341006.089844
2458;8611640.25
2459;19848018.285156
2460;19254461.4375
2461;12487861.0
2462;7973434.46875
2463;5416627.125
2464;2835768.1875
2465;7127500.125
2466;15393534.1875
2467;13008121.0
2468;14817548.125
2469;7593241.484375
2470;29213988.0
2471;7514166.5
2472;6566513.5
2473;8640822.28125
2474;21550358.722855
2475;21267838.5
2476;5210275.25
2477;16585016.5
2478;63798520.0
2479;9043471.953125
2480;2391272.734375
2481;6112806.5
2482;4462069.5
2483;4791600.5
2484;12536137.0
2485;7833539.5
2486;13833604.0
2487;28778556.0
2488;21203135.425781
2489;9768654.0
2490;10849959.0
2491;4699075.8125
2492;13553969.0
2493;7988797.625
2494;19132476.953125
2495;16201447.0
2496;15052178.234375
2497;9539581.375
2498;14198088.125
2499;15413981.625
2500;20643212.296875
2501;14011343.625
2502;12299626.625
2503;11295668.722656
2504;6146982.625
2505;11917316.0
2506;40551983.072266
2507;14586155.0
2508;36932525.65625
2509;17264126.8125
2510;11217930.625
2511;21798416.75
2512;15332456.0
2513;10654943.0
2514;25559859.444336
2515;17659865.5
2516;10532169.890625
2517;24569944.25
2518;116525787.804688
2519;14930377.5
2520;20872863.046875
2521;37118823.910156
2522;13902373.0
2523;15587760.0
2524;10888756.75
2525;13110942.257202
2526;12636284.15625
2527;14958173.75
2528;844116.6875
2529;19073352.648438
2530;14436443.834961
2531;20955873.59375
2532;17888014.0
2533;19509991.5
2534;3799758.75
2535;8531447.25
2536;16411438.0
2537;20479667.148438
2538;6396602.0
2539;15087900.75
2540;14675104.5
2541;11691827.0
2542;14560439.921875
2543;19461429.25
2544;10691599.0
2545;18838218.0
2546;22718636.6875
2547;14962337.5
2548;0.0
2549;4980721.375
2550;19221355.0
2551;12466400.0
2552;17596841.375
2553;25035351.0
2554;21956566.625
2555;28295538.0
2556;11739523.0
2557;60063014.25
2558;23603107.84375
2559;6740125.5
2560;16124772.8125
2561;13941449.0
2562;15440270.0
2563;6074581.375
2564;13416217.0
2565;22048190.5
2566;52371053.125
2567;25290614.0
2568;15582623.0
2569;16710197.257812
2570;7035641.09375
2571;15961855.5
2572;7755851.703125
2573;15723425.25
2574;10806881.296875
2575;27390402.0
2576;13302966.5
2577;20558954.75
2578;24178682.75
2579;26660085.5
2580;19127398.0
2581;12339285.0
2582;21616615.0
2583;19584271.0
2584;23419826.5
2585;11893699.625
2586;57132201.0
2587;10922204.878906
2588;21790803.0
2589;15190531.0
2590;16155868.75
2591;11050006.1875
2592;19276157.269531
2593;12491162.5
2594;15876266.462402
2595;21305305.0
2596;16224314.8125
2597;10908250.598145
2598;38212804.5
2599;15698411.5625
2600;22406927.203125
2601;22040824.0
2602;8249210.123047
2603;12707877.0
2604;28682448.40625
2605;10446196.476562
2606;12931544.5
2607;25998475.375
2608;14460214.875
2609;16017367.0
2610;16345929.753906
2611;13593202.84375
2612;14013919.0
2613;11913833.25
2614;11142719.0
2615;10566286.0
2616;18449903.75
2617;17750106.5
2618;20590990.5
2619;12279607.320313
2620;10344445.0
2621;4773705.78125
2622;12073687.0
2623;15288009.25
2624;21416674.125
2625;10626720.1875
2626;6528782.625
2627;17704966.0
2628;10086228.0
2629;10380368.066406
2630;16453322.15625
2631;13365006.5
2632;9338668.0
2633;16655593.0
2634;14919114.0
2635;21223546.6875
2636;43264216.0
2637;14921311.25
2638;13572817.125
2639;12668788.75
2640;15048521.125
2641;22609044.5
2642;49186537.890625
2643;13773546.75
2644;14438606.0
2645;35752843.0
2646;6097388.5
2647;6103672.0
2648;13794585.5
2649;5946249.0
2650;10872776.5
2651;10254858.75
2652;17202420.0
2653;20347348.5625
2654;11455353.125
2655;13895479.75
2656;13516004.75
2657;17352103.125
2658;33738013.917969
2659;24758820.296875
2660;10195703.0
2661;12069770.15625
2662;13403056.5
2663;21373398.125
2664;13778475.0625
2665;18031931.5
2666;12698648.324219
2667;10599385.125
2668;37899052.25
2669;21846451.5625
2670;20168066.0
2671;13528866.933167
2672;21905040.5
2673;29600228.0
2674;16583713.816406
2675;23260766.0
2676;22615338.0
2677;0.0
2678;10369442.0
2679;26345701.550781
2680;9496770.5
2681;9142799.449219
2682;3652297.25
2683;17596970.0
2684;8047131.5
2685;17902763.925781
2686;11946265.0
2687;258234372.0
2688;9654634.28125
2689;12053337.987305
2690;13908292.125
2691;8307076.375
2692;17146885.0
2693;14478138.0
2694;9051299.6875
2695;14124635.875
2696;9528133.936035
2697;12185021.133545
2698;30635148.421875
2699;10148917.0
2700;19251962.390625
2701;21778698.125
2702;13256188.0
2703;23637256.632812
2704;16163127.0
2705;5907395.5
2706;21888546.0
2707;13072986.25
2708;26154950.0
2709;16611709.875
2710;32136329.21582
2711;14043249.078125
2712;9645740.382812
2713;96637000.0
2714;10875551.5
2715;10680403.6875
2716;79856859.129883
2717;15886966.738769999
2718;25377911.875
2719;10083128.039062
2720;11736560.0
2721;16048513.8125
2722;20261308.0
2723;19574599.6875
2724;24913021.75
2725;21148071.5
2726;51775293.21875
2727;22567544.0
2728;15161123.5
2729;25400949.875
2730;15783412.984375
2731;14691354.53125
2732;7618622.5
2733;16798144.5
2734;16294806.5
2735;50413868.0
2736;19672589.0
2737;15608858.0
2738;14313181.84375
2739;13952093.0
2740;9557064.0
2741;10787249.75
2742;13932432.28125
2743;13867170.375
2744;18235250.0
2745;33295544.535156
2746;10802557.125
2747;13171595.675781
2748;9157538.65625
2749;19640532.0
2750;2866408.421875
2751;18815668.40625
2752;19031909.84375
2753;16496815.6875
2754;19100980.25
2755;15064366.421875
2756;12697115.8125
2757;25058173.0
2758;4849271.921875
2759;2959972.78125
2760;5063569.234375
2761;20691690.273438
2762;18146894.25
2763;29381773.104248002
2764;61644672.953125
2765;11653975.5
2766;20072540.78125
2767;31670887.6875
2768;23474640.546875
2769;43546090.65625
2770;9844789.460938
2771;16985222.109375
2772;5981286.0
2773;24252209.882813
2774;21363651.5
2775;10438106.5
2776;11264293.125
2777;6961501.0
2778;8796293.75
2779;6870210.5
2780;9010247.0
2781;21866254.3125
2782;5169112.5
2783;5108330.375
2784;19036997.875
2785;559160.0
2786;9956286.0
2787;2075862.5
2788;8415708.0
2789;6731645.992188
2790;13826139.0
2791;13881860.0
2792;3765232.5
2793;30015476.0
2794;2141834.25
2795;500467.46875
2796;4056588.375
2797;1270435.625
2798;14149182.0
2799;6058711.5
2800;14670247.0
2801;13943620.820312
2802;11257296.346526999
2803;19519682.0
2804;8898406.0
2805;4701562.5
2806;780279.625
2807;5228354.5
2808;6303498.821777
2809;13745793.0
2810;976705.722778
2811;7770063.5
2812;1995910.5
2813;62261618.75
2814;18690056.0
2815;16575861.9375
2816;7996700.0
2817;21106969.919922
2818;375454.0625
2819;5742309.0
2820;674716.1875
2821;4282732.5
2822;7678040.25
2823;8429986.75
2824;10384747.5
2825;6584230.25
2826;9071958.15625
2827;4016418.0
2828;26443644.5
2829;16427147.9375
2830;8991554.0
2831;2555929.25
2832;18819435.75
2833;1584226.75
2834;12562731.0
2835;8570688.0
2836;8829829.25
2837;6359470.697266
2838;5595683.0
2839;6452791.0
2840;4690944.5
2841;32819914.0
2842;11726977.75
2843;12638448.25
2844;7048981.828125
2845;418386.65625
2846;5728638.5
2847;5256412.5
2848;16722475.25
2849;4885188.3125
2850;14100940.40625
2851;347658.6875
2852;945745.3125
2853;1569964.34375
2854;2839604.15625
2855;6825456.75
2856;886844.0273440001
2857;14109134.0
2858;7724105.125
2859;9160756.304688
2860;11059180.0
2861;6249808.625
2862;7996920.5
2863;7213914.5
2864;6967177.6875
2865;3441280.5
2866;8635388.0
2867;9523539.0
2868;6996999.5
2869;9671064.0
2870;501914.375
2871;6768952.0
2872;22678024.84375
2873;8909492.0
2874;26631615.625
2875;15728124.453125
2876;17476532.84375
2877;877848.0625
2878;19198380.5
2879;17205819.921875
2880;4866040.75
2881;11074227.0
2882;10831793.03125
2883;10604157.28125
2884;1617679.0
2885;12916862.554688
2886;9902277.75
2887;12863133.5
2888;13943466.65625
2889;16511574.5
2890;4949470.125
2891;10620619.0
2892;1998058.375
2893;12504062.5
2894;22104859.742188
2895;15245619.5
2896;1338950.5
2897;10842205.5
2898;1392471.75
2899;5710487.71875
2900;8433638.0
2901;1714509.0
2902;13404312.0
2903;8326563.0
2904;10880324.4375
2905;10771370.0
2906;15800049.15625
2907;17226241.109375
2908;5268538.75
2909;12490072.890625
2910;2342061.998047
2911;6536920.0
2912;16003357.0
2913;12903578.107056
2914;15787979.5
2915;13421742.0
2916;17285132.5
2917;25082332.0
2918;23997575.5
2919;5538011.480469
2920;32334910.375
2921;18851426.0625
2922;17833707.03125
2923;4853687.875
2924;32816824.0
2925;21061034.0
2926;16480860.984375
2927;20635298.4375
2928;18663002.5
2929;5098192.5
2930;32648387.039062
2931;26881986.5
2932;9310991.0
2933;14916432.5
2934;15582691.351562
2935;115628959.0
2936;22328935.0
2937;29891019.671875
2938;30115847.695801
2939;21162378.25
2940;17084591.5
2941;34394860.342774004
2942;13460775.1875
2943;13479739.9375
2944;59224261.0
2945;5647045.125
2946;21876254.71875
2947;10165265.75
2948;52983957.5
2949;50337905.75
2950;28363096.75
2951;28987641.420715
2952;25185722.554688
2953;2395953.9375
2954;19344704.611817
2955;14511007.0
2956;44993934.34375
2957;12091051.539062
2958;10498168.40625
2959;10549446.734375
2960;14481359.0
2961;20173422.5
2962;31683447.148438
2963;19512463.0
2964;8453137.875
2965;26149647.0
2966;18987508.0
2967;21732596.1875
2968;10788987.742188
2969;62988399.375
2970;23076358.6875
2971;21801696.066406
2972;19562503.75
2973;11954816.687256
2974;20539636.0
2975;6239463.0
2976;22603708.25
2977;11373140.0
2978;22401905.5
2979;7605906.0
2980;15209301.5
2981;17277587.5
2982;7846236.46875
2983;18361686.0
2984;19706231.25
2985;17971668.0
2986;15007428.0
2987;7581145.375
2988;16258327.0
2989;12676017.0
2990;14470351.739258
2991;11787420.65625
2992;36790042.5
2993;3200000.5
2994;22688019.4375
2995;11228750.485596001
2996;24770329.625
2997;45775740.34375
2998;20125868.0
2999;20081049.513672
3000;17952307.25
3001;22625844.75
3002;13042853.0
3003;11821208.828125
3004;4052877.75
3005;12680433.0
3006;18173020.0
3007;23285492.0
3008;18306491.231445
3009;11823266.0
3010;24783692.0
3011;10445010.0
3012;18991741.5
3013;20048019.0
3014;24302985.0
3015;21604383.625
3016;15732759.0
3017;11727031.75
3018;16054293.25
3019;15862709.5
3020;17907809.0
3021;22210806.0
3022;2370915.958191
3023;42132483.273438
3024;22478708.0
3025;20790304.0
3026;17971496.0
3027;17566176.0
3028;14590008.375
3029;14522317.03125
3030;6138960.875
3031;12962768.625
3032;6079905.0
3033;4107458.5
3034;11312028.0
3035;11754707.53125
3036;4264834.28125
3037;5616162.15625
3038;5441989.234375
3039;13369180.75
3040;6557828.609375
3041;16732757.0
3042;4767774.15625
3043;8242524.640625
3044;9669295.0
3045;3999587.5625
3046;13782346.0
3047;11616922.0
3048;7968644.0
3049;28340895.0
3050;8534782.6875
3051;6918342.5
3052;7057110.5
3053;5644205.484375
3054;8694163.203125
3055;6111168.5
3056;14052954.0
3057;6932132.0
3058;8757217.0
3059;5621496.0
3060;8934317.3125
3061;6563679.640624
3062;14711987.0
3063;10267392.140625
3064;6814905.625
3065;7537083.136719
3066;2415332.5
3067;9665035.953125
3068;12186304.5
3069;9172176.75
3070;7918009.060547
3071;17384404.0
3072;12589964.5
3073;7763659.5
3074;7060518.5
3075;3742774.0
3076;5469776.0
3077;3724286.3125
3078;7353291.515625
3079;9654869.125
3080;5563210.5
3081;3350333.75
3082;15206488.25
3083;5666000.625
3084;6748054.246093
3085;29784981.375
3086;16984415.25
3087;47877806.125
3088;36035401.0
3089;26598997.25
3090;41459962.90625
3091;42055973.3125
3092;15403641.25
3093;8054180.25
3094;38469849.65625
3095;37195785.375
3096;18268415.216797
3097;37584896.5
3098;16039652.75
3099;22293390.617188
3100;20511489.0
3101;19398527.453125
3102;19379963.357422
3103;54068702.375
3104;11442830.859375
3105;16521769.15625
3106;11644807.75
3107;21328143.75
