zone;sum
-9999;0.0
0;2718.895439
1;1957468.261719
2;5700162.03125
3;30874159.398926
4;2208745.25
5;992047.3125
6;3895272.0
7;2223971.087402
8;4548032.625
9;835561.4375
10;1130563.066406
11;1807233.0
12;6837946.03125
13;3600215.5
14;5008788.273438
15;4191704.316772
16;13528955.78125
17;3445739.012695
18;20302160.0
19;1491756.972656
20;353193.25
21;15152448.0
22;4505301.0
23;916461.0
24;9908155.0
25;12737178.234375
26;8869169.0
27;7061665.242188
28;5428221.938232
29;22168940.0
30;1845654.399933
31;5105406.5
32;1936390.25
33;1052033.375
34;852376.126465
35;1617703.897461
36;19214802.0
37;11087249.797729
38;117556635.75
39;22661506.783691
40;11863951.383545
41;1402275.25
42;1241237.4765619999
43;10992484.1875
44;5485104.7032469995
45;61203540.625
46;2573176.1875
47;55459018.834565
48;3926540.289062
49;23994979.0
50;7076864.0
51;3457864.0
52;16528854.8125
53;51800320.0
54;1838279.375
55;991879.582405
56;5437070.457642
57;2484657.8125
58;9661480.0
59;9149730.875
60;38988086.75
61;2040432.93335
62;16447691.75
63;3818227.28125
64;30366267.25
65;1065470.421875
66;8063802.296875
67;4197135.5
68;3006028.25
69;5938170.589844
70;6488119.296875
71;5248735.0
72;38338812.0
73;4909081.0
74;2772851.0
75;2526567.25
76;8464935.0
77;13960827.615234
78;18156598.8125
79;7824743.125
80;4108323.96875
81;2663949.90625
82;8200191.3125
83;2705347.28125
84;1750201.390625
85;916327.5625
86;8578617.0
87;2211501.25
88;1995021.42627
89;3159790.114258
90;3778108.375
91;19693003.0
92;2217179.75
93;545539.085938
94;5636092.25
95;16910445.433594
96;2617920.152344
97;8479463.649902
98;5899696.162109
99;3272601.132812
100;8289384.020018999
101;1742497.3515619999
102;4077076.142334
103;26113489.618164
104;2510425.75
105;1819237.683594
106;1146096.765625
107;1450238.0625
108;3394963.677734
109;7603445.375
110;2397148.0
111;3785137.5
112;1416744.9765619999
113;1901119.625
114;11112540.335938
115;1086751.476562
116;19394435.75
117;834353.317871
118;1673598.75
119;243699.462891
120;5765091.78125
121;1325289.380371
122;3254594.1875
123;3815964.34375
124;3194383.125
125;9310260.0
126;2373244.65625
127;93976040.0
128;655914.1210940001
129;2273612.0
130;538156.713134
131;28019790.8125
132;1531861.458984
133;1620571.28125
134;3649959.609375
135;14187745.71875
136;1119491.546875
137;2509897.5
138;17508344.816406
139;8120102.776367
140;30403357.5
141;18598196.5
142;1378343.96167
143;2509831.25
144;7482910.681488
145;16269344.8125
146;31139512.109375
147;5573966.745544
148;2263984.5625
149;6778236.052216
150;7334899.851562
151;658872226.65625
152;39697437.154541
153;13394310.53125
154;126939121.189148
155;40648260.267578
156;3971273.852749
157;23027456.916014
158;44269323.125
159;226847376.0
160;3840857.609375
161;495729.21875
162;34559440.09375
163;2575184.131836
164;5762623.125
165;145114758.0
166;6766751.480468
167;12848837.5
168;173814157.28233302
169;8896291.0
170;21158024.703125
171;36575052.0
172;8239269.093994
173;195316835.754883
174;40388696.0
175;4078029.24707
176;1061182131.806152
177;5479514.626953
178;1599942.074157
179;35755498.792969
180;15197582.088867
181;11019477.401321
182;28135164.75
183;7692229.96875
184;1281611.375
185;56150399.392792
186;22647587.75
187;8016117.25
188;392961922.546875
189;57518770.449219
190;4295572.177062999
191;326348213.393555
192;287689436.266418
193;41543268.9375
194;207365884.0
195;474388473.4375
196;488651.494628
197;44295668.0
198;30965891.404296
199;10372419.1875
200;151340916.296875
201;12344239.831420999
202;215817454.868164
203;81418512.5
204;92068932.332031
205;63299036.755859
206;32392734.849609
207;85515910.90625
208;15571715.746094
209;23055719.0
210;12143386.003906
211;72007146.5
212;4103887.835937
213;4385179.253357001
214;93538173.90646401
215;41929370.0
216;11460181.499451
217;65757692.429688
218;1139205.306885
219;86086082.889893
220;5832268.375
221;755636.59375
222;413479.116547
223;31215758.5
224;10449669.0
225;3956831.109375
226;671950.091797
227;1561926.375
228;994718.765625
229;219738.765625
230;641205.379639
231;445012.34375
232;84096304.0
233;102287.074219
234;5355293.0
235;37503063.266113
236;8769798.40625
237;1248220.034424
238;84579966.609863
239;6645289.268066
240;7192298.185547
241;553082.4375
242;4743491.421874
243;3794362.52295
244;145480.298828
245;1161871.1484380001
246;513084.269531
247;58235383.992188
248;188264.1875
249;1904803.875
250;3405061.984375
251;1042634.9222720001
252;1304701.337036
253;4123655.15625
254;40174426.478516
255;1592525.516603
256;35821346.75
257;3032783.971679
258;337234.530273
259;6144207.195312999
260;9206298.722656
261;1704909.263672
262;3086786.876648
263;353024.527344
264;901043.40625
265;930957.213799
266;2702857.0
267;2677838.589493
268;43161515.984131
269;2041590.465668
270;3195770.452148
271;3796915.714844
272;553344.4375
273;1238334.708497
274;97255.007812
275;576562.466797
276;7963454.40625
277;955345.6875
278;970213.117188
279;48297613.25
280;2139266.75
281;112761382.0
282;138365119.392822
283;18464038.0
284;20608896.0
285;121956268.0
286;48815752.0
287;8889157.4375
288;11890423.5
289;36796580.0
290;28171379.0
291;72863328.0
292;40914492.0
293;16537192.0
294;2137708.75
295;97622392.0
296;2087574.0625
297;179893293.03125
298;41992067.0625
299;989427.125
300;28469316.0
301;14530065.0
302;59877693.5
303;7427421.820801
304;19905333.75
305;226287468.054687
306;3694634.0
307;2910498.929688
308;153184359.0
309;54621503.0
310;9671591.0
311;6721274.8125
312;4580358.0
313;1017171.5
314;1507152.394531
315;2066952.40625
316;22066017.429688
317;2628378.953125
318;13448791.5625
319;192320274.347656
320;1972591.996582
321;1120766.367676
322;4925250.532349
323;18842937.515625
324;5078685.75
325;960740.0117190001
326;105982936.0
327;741750.883179
328;671394.984375
329;33252004.75
330;21853718.003906
331;4229268.161133001
332;1578565.6875
333;34069930.640625
334;59739586.8125
335;24754873.5
336;21320034.125
337;9264732.3125
338;40113234.604492
339;5368672.1875
340;152077799.25
341;30648607.30542
342;130498816.4375
343;162682449.510254
344;81277770.875
345;76717661.635071
346;8373745.15625
347;19720190.25
348;35722381.8125
349;28441347.125
350;36112777.757812
351;20571722.622803
352;75532754.0
353;3582182.25
354;4187248.816406
355;962165.0
356;52874194.5
357;2567176.5
358;11165720.391357
359;1874882.921875
360;5433839.5
361;1293419.362061
362;913918.0
363;2567168.228516
364;4850153.140625
365;7632695.9375
366;10790535.0
367;29448290.0
368;1381041.375
369;3170644.75
370;1618869.65625
371;1270473.5
372;383634.15625
373;3005523.0
374;17291968.5
375;2223680.375
376;9715221.0
377;3079169.046204
378;14378701.75
379;77649568.0
380;1260072.125
381;7878185.004516
382;16811024.375
383;6999556.601562
384;2103799.03125
385;8839153.0
386;13565546.625
387;14665743.0
388;12812875.640625
389;61016639.792969
390;53125205.061767995
391;3869155.75
392;5900937.0
393;7978120.125
394;1512016.625
395;7294123.0
396;1192529.5
397;436661.952148
398;636303.0
399;245094.046875
400;66888368.0
401;6565614.822266
402;1561160.875
403;2321314.914062
404;21562824.8125
405;15681299.0
406;1948069.25
407;2671609.359375
408;2007476.203125
409;232116.005859
410;7047849.695312
411;4838663.15625
412;4370772.3125
413;2332531.376953
414;15481365.9375
415;1798806.044922
416;19685959.820312
417;5972722.75
418;126547317.0
419;12467115.207031
420;2104276.75
421;1774426.511719
422;3053146.5
423;11169661.0
424;145150.015625
425;105340280.0
426;19406664.59375
427;6054838.5
428;314771.934937
429;2163697.25
430;2195237.25
431;27633589.0
432;23497529.363281
433;3204402.75
434;4696390.0
435;22293219.871094
436;995775.9375
437;13521226.5
438;1704679.306885
439;3272135.8125
440;587044.5
441;1734256.625
442;2749336.3085939996
443;784663.023438
444;14765437.566406
445;602579.3125
446;2715386.75
447;1018243.311829
448;492004.09375
449;2417420.0
450;1955174.75
451;8032745.673828
452;22636824.0
453;5587497.5
454;1963176.3984380001
455;2757178.28125
456;32666732.0
457;896495.3125
458;945618.6210940001
459;743030.9570309999
460;3924543.0
461;2057346.399231
462;615919.136108
463;2978424.0
464;3669626.5
465;2011418.625
466;7049679.0
467;3614157.75
468;1296880.515625
469;9683498.0
470;3180456.0
471;4138991.75
472;1510433.3671880001
473;1045624.392334
474;5760913.416016
475;2422153.0
476;2709212.668945
477;166238.96875
478;1854217.625
479;47904090.828125
480;492395.5
481;11515001.0
482;7448710.416016
483;4355232.5
484;1386479.921875
485;2509814.824219
486;4713381.5
487;385807.375
488;670878.5625
489;170731.921875
490;449304.5
491;659901.368164
492;1731572.875
493;1502274.15625
494;7101952.6875
495;9733060.25
496;1209074.375
497;5004601.375
498;10654260.0
499;1560398.1875
500;2834748.5
501;816362.75
502;4814974.0
503;1757490.729004
504;3270213.991211
505;8504226.0
506;636923.514404
507;8489455.356812
508;21308856.0
509;4472666.99707
510;2653593.0
511;2874854.5
512;5871980.5
513;376010.045898
514;1931553.390137
515;849841.125
516;1246287.125
517;209416.507324
518;5505439.0
519;1138286.09375
520;1744220.09375
521;540029.125
522;1420618.5
523;1022916.6875
524;4800838.5
525;2109016.75
526;24045732.25
527;4896460.082031
528;3528685.75
529;3793982.5625
530;4212145.5
531;2436425.414063
532;3068569.875
533;2498746.275391
534;13201340.754883
535;1407588.0
536;4455950.75
537;11430519.0
538;2548369.5
539;2429003.314941
540;2182845.498047
541;2780030.25
542;4566159.0
543;2905342.75
544;692066.884277
545;5234808.025391
546;14059231.0
547;8408925.125
548;15110437.5
549;698361.09375
550;1620089.049927
551;3359524.460938
552;2710921.59375
553;1569139.5
554;4175982.75
555;1984421.875
556;1468044.488281
557;1572856.0
558;3692787.411499
559;3343644.25
560;3900641.375
561;3931156.625
562;1871678.9375
563;2141489.125
564;2210788.5
565;1478457.6875
566;3553659.8125
567;2891194.5625
568;2572696.0
569;18233464.0
570;2491839.972656
571;4751754.0
572;1721814.140625
573;3863122.5
574;10452537.546875
575;39433114.625
576;1511731.0703119999
577;1067953.45459
578;2331084.8125
579;1371589.171875
580;2364370.0
581;2128631.75
582;6177962.25
583;4797247.15625
584;2222886.25
585;1479612.0625
586;1817411.75
587;5484059.0
588;10371366.75
589;3533060.0625
590;1999038.5869139999
591;1737917.15625
592;2184951.75
593;77680120.5
594;5404545.0
595;2378178.90625
596;21986446.675781
597;3202797.088799
598;559862.375
599;3112643.25
600;30455548.0
601;1980167.0
602;8492163.0
603;13184091.8125
604;2603898.859375
605;718223.2539059999
606;1904390.25
607;484196.96875
608;1909854.0
609;9515149.09375
610;4006259.25
611;2849472.5625
612;20169606.71875
613;6109047.3125
614;3832219.445312
615;4060969.875
616;2052153.90625
617;676203.510864
618;34549742.375
619;563355.7615970001
620;1060190.75
621;1372417.527344
622;6163614.8551940005
623;1310371.355469
624;3922442.316803
625;13172450.0
626;5260451.0
627;589044.5351559999
628;5005661.625
629;15640680.105469
630;597116.787109
631;926281.003906
632;142975.576904
633;10989795.814453
634;3848360.609375
635;3194428.326172
636;4171035.164551
637;11821310.795654
638;969732.236145
639;961210.8234860001
640;589689.273499
641;2892832.15625
642;2974457.8750010002
643;1504826.113281
644;2654554.031372
645;23107017.1875
646;3818144.346436
647;318421.74707
648;2324384.737548
649;402175.253174
650;3733282.5
651;2298800.0
652;7718846.259766
653;394355.854004
654;1894230.413208
655;1331740.0
656;3875263.5625
657;3971858.40625
658;841443.75
659;15969352.580078
660;2439813.667969
661;1703363.476562
662;24320284.25
663;2008571.671875
664;1969661.5
665;8916597.0
666;1821734.375
667;6571873.253906
668;9505789.0
669;355425.5625
670;5854519.742188
671;2221649.890625
672;2884789.15625
673;27761765.5
674;6591048.582031
675;613413429.125061
676;4296257.1875
677;1025938.40625
678;3480472.019531
679;2238101.75
680;18023362.484375
681;4919440.5
682;139879892.0
683;3966327.984375
684;8637872.0
685;2179996.0625
686;762786.908203
687;3097157.75
688;3472301.5
689;4702712.5
690;6138701.3125
691;848260.448242
692;1441129.991211
693;15971694.0
694;6459349.3125
695;1805408.5
696;720737.3125
697;1083114.125
698;10537562.84375
699;5965216.5
700;6228222.25
701;7987069.372803
702;699658.671875
703;2716022.0
704;2645110.609375
705;1674601.625
706;16610456.0
707;72033822.0
708;21135212.902344
709;12596559.296875
710;26895777.351807
711;7929009.5
712;9911950.9375
713;97524832.0
714;5486576.9375
715;2525763.0
716;2936740.75
717;26484646.5
718;69379549.203125
719;2060517.625
720;10377300.875
721;2570847.5
722;2560143.25
723;37429246.5
724;1867019.0
725;7587784.125
726;7467060.375
727;7206433.25
728;3445870.0625
729;5985778.90625
730;7132723.3125
731;33980232.0
732;12460637.25
733;2723067.609375
734;254861.457031
735;43329020.0
736;4277797.125
737;751502.25
738;1777951.09375
739;2765684.65332
740;5207477.5
741;2333128.039062
742;44156116.0
743;806115.981445
744;3350601.726562
745;3891362.5
746;61170306.5
747;43659088.0
748;6795325.6875
749;1556650.125
750;1921360.625
751;29640892.0
752;1170674.078125
753;11978857.5625
754;2319107.87793
755;13241199.75
756;2122556.75
757;5293222.317871
758;153713398.578125
759;54137548.0
760;6612920.5
761;3592853.25
762;10731684.0
763;1853031.0
764;4787469.5625
765;62387119.0
766;10312795.0
767;1177546.0
768;1288180.3125
769;10360566.242187
770;420770.625
771;4275019.75
772;22104466.5
773;2061989.5625
774;4922455.082031
775;633694.191895
776;2291010.0
777;5262103.375
778;9341733.6875
779;3582733.75
780;14223229.0
781;5781577.0
782;6281493.616211
783;56055853.5
784;2666502.0
785;6778432.5
786;1471933.421875
787;1258593.5
788;2142580.023438
789;10408370.0
790;2052356.421875
791;7110530.5
792;8995875.75
793;27067968.125
794;2238804.984375
795;40799836.5
796;11911141.0
797;4957897.96875
798;5664694.84375
799;7070493.21875
800;4482540.201172
801;2578542.886719
802;18879502.0
803;7123433.0
804;3051556.75
805;6621765.0
806;11693264.0
807;18004200.0
808;5512100.25
809;129113921.0
810;4894737.5
811;17230280.0
812;5271151.239258
813;5875519.078125
814;4979616.75
815;1437888.5
816;156490223.883789
817;10496895.09375
818;6742244.875
819;2682581.75
820;4922571.5
821;508658.4375
822;1604969.0
823;600719.523438
824;1141438.25
825;2019855.34375
826;2249176.9375
827;2177924.980469
828;32467368.0
829;5069565.0
830;3839478.909809
831;2876866.75
832;2823816.058594
833;1603146.75
834;2243665.644531
835;6722450.5
836;6646343.5
837;51573175.8125
838;3306487.25
839;2259106.5
840;3239073.1875
841;566276.7617190001
842;26725624.0
843;2003684.0
844;538017.9375
845;29681576.0
846;2441711.167969
847;15402551.0
848;11261222.484375
849;3646828.7031260002
850;5143057.892151
851;7226272.0
852;4730562.5
853;768048.0
854;1641289.5
855;9609056.125
856;1544311.5
857;2806367.4375
858;991935.0625
859;1994204.0
860;2385453.1835950003
861;1942974.84375
862;7561153.0
863;10771349.414063
864;546545.5
865;2098863.75
866;2139362.75
867;4161803.625
868;6173451.640625
869;695298.09375
870;516582.390625
871;408881.03772
872;5792463.789062
873;617898.6875
874;1409144.4375
875;463359.19087999995
876;12905065.043945
877;2461119.242188
878;2116495.696075
879;761266.4951170001
880;324356.53125
881;9112498.727295
882;1262526.7871090001
883;7350959.871094
884;6988800.397461
885;4111016.5
886;7488894.0
887;987124.875
888;608875.8242190001
889;851693.639405
890;1927171.625
891;1053039.781845
892;1049887.34375
893;374866.5
894;717313.735352
895;1928366.1875
896;607407.5
897;6915491.5
898;1133187.183594
899;1147137.125
900;79419789.695312
901;560131.115234
902;461825.773438
903;1001946.421875
904;1032046.90625
905;3936694.25
906;492021.804688
907;448144.984375
908;614540.475922
909;1477452.3671880001
910;7052841.5
911;6908032.25
912;1918318.3125
913;643931.421875
914;8873279.0
915;3420466.375
916;1603037.5625
917;7245717.5
918;1298040.683594
919;1828260.90625
920;548034.969604
921;1629374.8359369999
922;4395691.5
923;901889.375
924;1019538.273438
925;998431.125
926;1790891.375
927;714957.5625
928;2050468.1718739998
929;1217280.2578119999
930;2800533.75
931;4116416.0
932;662663.958618
933;2016288.90625
934;613314.304688
935;13781022.0
936;13945293.078125
937;2079664.03125
938;1363360.367188
939;1861389.017578
940;14634314.0
941;1047904.5625
942;408022.15625
943;611461.6132809999
944;95071177.179688
945;1346767.4375
946;1071518.40625
947;32971372.390625
948;528784.605469
949;3317934.25
950;805326.75
951;3463469.5
952;1571321.625
953;922718.33252
954;489708.486328
955;995819.197172
956;388773.1875
957;1864673.25
958;430555.03125
959;882934.3867179999
960;44614701.0
961;1521471.515625
962;1842270.78125
963;2142962.21875
964;855775.9375
965;935818.875
966;15760677.0
967;3951591.371338
968;939769.388672
969;9824904.359375
970;455121.890625
971;4018693.75
972;5086961.875
973;28799033.59375
974;642953.641602
975;1433976.5
976;2135950.0
977;1096312.0
978;304763.9375
979;15844079.0
980;6530573.43457
981;3725521.75
982;10606282.387848
983;2025334.125
984;4467911.0
985;1174243.023438
986;542091.2303010001
987;662400.4375
988;4879694.34375
989;2171142.859375
990;14121021.148438
991;284182.566406
992;307681.46875
993;1580215.875
994;40457164.587891
995;1629503.5
996;6984340.0
997;8103520.5
998;1286055.110107
999;3599731.75
1000;782585.059021
1001;795762.541016
1002;1849589.261597
1003;7283108.25
1004;3743284.46875
1005;2126399.25
1006;472438.445068
1007;2524033.5
1008;6362261.5
1009;3859590.625
1010;17384016.25
1011;5614198.0
1012;1628864.375
1013;1478276.56543
1014;839738.875
1015;577986.6875
1016;120220039.59399399
1017;3601498.5
1018;6436133.477051
1019;14239948.085755
1020;1568305.0
1021;4648924.55249
1022;3080954.25
1023;691458.338623
1024;1537158.951172
1025;1690224.5
1026;2895963.5
1027;640531.65918
1028;650122.8125
1029;2949894.25
1030;15322411.640625
1031;1535161.75
1032;797325.21875
1033;1401592.125
1034;2678527.25
1035;14745254.167969
1036;414020.480469
1037;642980.148438
1038;1069876.058594
1039;5873314.171875
1040;2392868.703125
1041;13230782.0
1042;849410.9375
1043;4497673.0
1044;2507234.25
1045;2216549.5
1046;2686776.0
1047;4540649.991028
1048;508635.28125
1049;4182285.611519
1050;5331991.0
1051;418557.15625
1052;810688.375
1053;1803290.025391
1054;3765855.25
1055;205590.962891
1056;12748425.543945
1057;702788.912109
1058;2049190.03125
1059;5529772.0
1060;13630699.257264
1061;35516.003906
1062;1910350.375
1063;2403454.0625
1064;4810390.75
1065;8003559.453125
1066;6110521.5
1067;2741018.5
1068;762509.71875
1069;3920474.25
1070;1040098.1875
1071;574501.6875
1072;1173466.871094
1073;2109203.625977
1074;1710895.71875
1075;7338250.838928
1076;904260.837646
1077;1820838.985352
1078;14734199.0
1079;2004655.125
1080;3566849.5625
1081;7326324.0
1082;30636695.8125
1083;4139632.7987059997
1084;4950983.0
1085;2923660.125
1086;5783527.140625
1087;7564204.46875
1088;38219641.25
1089;75957685.25
1090;3497488.71875
1091;11799146.375488
1092;68013347.40625
1093;2112285.621094
1094;1118044.847656
1095;897339.75
1096;24724394.5
1097;89679343.5
1098;1029179.3125
1099;1457335.4453119999
1100;3514871.34375
1101;1737287.5
1102;1927448.0546880001
1103;14247942.0
1104;14459247.796875
1105;4371894.5
1106;6436186.164062
1107;68458124.0
1108;1927392.200348
1109;12808530.0
1110;21803352.327393
1111;15325965.0
1112;37387564.5
1113;2649678.776367
1114;3608959.875
1115;7180943.515626
1116;52399702.0
1117;33825780.867188
1118;16049488.25
1119;2364464.0
1120;26350480.960938
1121;6471635.0
1122;2647113.7875980004
1123;6398477.375
1124;19952768.0
1125;12504329.0
1126;866881.5625
1127;10842064.0
1128;8150105.3125
1129;12239953.684082
1130;11214566.0
1131;5924165.0
1132;35170438.75
1133;16616832.28125
1134;532249.75
1135;30054062.5
1136;2224176.75
1137;5463549.59375
1138;13562788.28125
1139;10389236.5
1140;755879.375
1141;3194644.5
1142;2763586.5
1143;4111043.125
1144;11500392.0
1145;70205539.375
1146;21162152.0
1147;115705624.830078
1148;3228059.0
1149;147963665.1875
1150;11273658.875
1151;68477234.0
1152;15376263.25
1153;279602454.273438
1154;4601166.0
1155;126454618.0
1156;85028072.0
1157;77432184.0
1158;145573024.0
1159;8464629.119141
1160;63542232.0
1161;139599908.0
1162;11296351.0
1163;13427179.875
1164;6388510.5351559995
1165;3103580.050781
1166;8752063.085938
1167;5661348.191406
1168;21554288.59375
1169;3769772.75
1170;24830873.938477
1171;26620121.637451
1172;2193991.904297
1173;43842553.3125
1174;76936440.0
1175;5901699.25
1176;15448408.4375
1177;2718673.375
1178;5614185.828125
1179;18752052.59375
1180;15857111.0
1181;14383022.365356
1182;22366302.78125
1183;27093833.191406
1184;49255574.5
1185;7049823.203125
1186;15829776.75
1187;21686268.953125
1188;8168640.873047
1189;2882523.0
1190;10254600.0
1191;44678307.831420995
1192;3941898.195686
1193;4167236.055664
1194;13575613.832031
1195;5940733.9375
1196;11160414.75
1197;27810953.5
1198;1020578.9375
1199;1516191.664917
1200;16275847.625
1201;2976031.0
1202;10208175.0
1203;4045461.5
1204;1882161.763672
1205;6602224.375
1206;1955990.875
1207;24495269.8125
1208;3979819.59375
1209;27041582.0
1210;3284461.5
1211;3509853.029297
1212;11884136.796875
1213;12453427.457031999
1214;5505127.776184
1215;23342453.0
1216;5265584.25
1217;4175407.528198
1218;9669034.96875
1219;8917844.25
1220;17316847.3125
1221;6534572.0
1222;73591211.5
1223;2760663.550781
1224;17141872.125
1225;2113320.804321
1226;7554862.767883
1227;4297043.0
1228;10044743.679688
1229;6911800.0
1230;11035692.554688
1231;8540379.375
1232;46114063.15625
1233;6304873.0
1234;2039575.375
1235;22032654.0
1236;37601820.0
1237;2569449.0
1238;115825200.0
1239;660108.546875
1240;2248582.167969
1241;22989488.539062
1242;1138371.5
1243;14814955.8125
1244;7174269.28125
1245;1668185.6511229998
1246;193129824.0
1247;6820220.088867
1248;16477407.0
1249;6629690.101562
1250;32589213.625
1251;3599831.025146
1252;4016877.125
1253;7189176.5
1254;27094228.0
1255;18627856.796875
1256;1480433.375
1257;5540380.492188
1258;2135015.46875
1259;5056979.671875
1260;3225543.96875
1261;199180391.0
1262;3318123.25
1263;3341644.4375
1264;1939740.453125
1265;1037040.262093
1266;6362596.5
1267;50010282.0
1268;2636518.396729
1269;4320698.796875
1270;33467991.6875
1271;45973722.25
1272;7820107.5
1273;8939035.0
1274;5439551.0
1275;3096136.148438
1276;5544034.183967
1277;8904138.0
1278;9719095.423156
1279;7317558.218201
1280;43522341.3125
1281;424811280.0
1282;1928025.544311
1283;46970248.0
1284;4186983.34375
1285;16168634.75
1286;1388809.75
1287;10199127.0
1288;6020715.015625
1289;6990443.0625
1290;9703770.1875
1291;1017331.522827
1292;5987415.5
1293;5145247.0
1294;2081996.5625
1295;2971870.781251
1296;3485229.4375
1297;2065865.819336
1298;14839059.0
1299;11145827.0
1300;73871016.0
1301;3273333.6875
1302;6219255.821899
1303;2792655.0
1304;3086209.25
1305;5947203.25
1306;7366392.5
1307;1107948.5625
1308;174590374.5
1309;1933157.25
1310;2607093.195312
1311;4408047.875
1312;9307035.890648002
1313;2833570.0
1314;1722882.345703
1315;11534381.8125
1316;719599.392578
1317;10685996.935394
1318;1422497.574219
1319;3984344.205078
1320;784633.0625
1321;1418624.958984
1322;4568958.5
1323;7053657.375
1324;11561974.0
1325;5797096.65625
1326;562259.885742
1327;4127376.0
1328;6542212.6875
1329;1113732.734376
1330;5010376.8125
1331;1185640.21936
1332;5694211.0
1333;5110499.375
1334;7896374.466797
1335;784537.9375
1336;20860438.050781
1337;7496526.0
1338;1626401.0
1339;2335467.069946
1340;6538281.036377
1341;3068761.375
1342;2176316.591003
1343;71275444.0
1344;1949561.5
1345;422117.929688
1346;9790657.375
1347;4444952.511719
1348;2707221.210937
1349;3436893.5
1350;29381626.574219
1351;8685826.53125
1352;15034599.0
1353;3153277.269531
1354;40809610.0
1355;43769730.84375
1356;3529736.785156
1357;3052468.6875
1358;2576431.3125
1359;1148252.259766
1360;3373502.039551
1361;2292498.25
1362;3240450.78125
1363;35924314.0
1364;1342324.0
1365;8615412.794922
1366;23007589.65625
1367;2548854.125
1368;2193714.125
1369;3056309.351562
1370;1376907.390625
1371;1093864.426636
1372;4717787.5
1373;18748832.791016
1374;4825742.375
1375;341688.625
1376;3075096.5
1377;25182955.273438
1378;5193344.912964
1379;1649339.25
1380;1879424.75
1381;6901760.75
1382;1402255.15625
1383;11713163.0
1384;2047877.96875
1385;18686537.027344
1386;1319836.65625
1387;794774.65625
1388;1320833.0
1389;8866687.992188
1390;1898539.1875
1391;2893940.684082
1392;356456.90625
1393;10795216.5
1394;10168831.609375
1395;625574.265625
1396;39007648.0
1397;872505.25
1398;1371569.0
1399;1194682.984375
1400;1173414.7406610001
1401;852656.290344
1402;4741325.0
1403;743699.9375
1404;12386932.40625
1405;1880608.199951
1406;61936432.0
1407;1157512.625
1408;1370528.5625
1409;1047683.3125
1410;3596628.6875
1411;783495.0625
1412;1183805.369629
1413;1281764.40625
1414;6386388.5
1415;1058978.4375
1416;97711984.0
1417;20155238.382812
1418;9418291.78125
1419;24694626.0
1420;495659.4375
1421;5797554.997071
1422;1315593.0
1423;4041580.25
1424;1689388.875
1425;5364693.0
1426;2563486.757812
1427;4707562.25
1428;2479754.0
1429;761067.758301
1430;1310393.881508
1431;2060096.9435730001
1432;2419376.5
1433;2390971.05957
1434;3614594.9375
1435;2051533.625
1436;1755414.5625
1437;5303894.0
1438;995787.125
1439;918271.5
1440;3683645.628906
1441;9924830.0
1442;5897799.785583001
1443;555913.742199
1444;1323955.203125
1445;548881.035645
1446;9399105.25
1447;5803890.726562
1448;3564695.112304
1449;2962633.5
1450;543167.929688
1451;3684009.966797
1452;4153307.75
1453;9749873.25
1454;22089956.375
1455;452174.59375
1456;399688.03125
1457;2181761.894531
1458;4709483.348633
1459;1889663.5
1460;61461447.146484
1461;820886.875
1462;811491.6875
1463;4275798.34375
1464;2796685.261719
1465;7187978.792664
1466;2544323.300781
1467;377306.39257799997
1468;4793596.5
1469;195893416.140625
1470;291122.039063
1471;738085.078125
1472;9393445.0
1473;769220.375
1474;12492943.0
1475;2342837.75
1476;2991319.9375
1477;3113308.5
1478;2049001.435791
1479;236412.193848
1480;4184552.480949
1481;898361.9375
1482;712165.125
1483;5384127.035156
1484;5768656.966797
1485;1249893.066406
1486;1920583.697266
1487;514199.734375
1488;5292427.34375
1489;1355453.9921880001
1490;1749520.234375
1491;4060081.3852540003
1492;1805912.75
1493;1409738.625
1494;2646447.75
1495;2194976.8125
1496;2593652.5
1497;1408164.375
1498;2500266.8125
1499;29748306.75
1500;19216268.75
1501;435625.605957
1502;760087.859375
1503;5390713.664062
1504;1023658.75
1505;39577321.5
1506;8372236.25
1507;1167813.34375
1508;41071258.757812
1509;1304501.1640619999
1510;149147.626465
1511;2652050.466187
1512;22944140.0
1513;1141112.96875
1514;179250.480469
1515;13146868.0
1516;1897671.671875
1517;2564697.875
1518;21249428.398438
1519;5354729.0
1520;1984478.375
1521;5814510.0
1522;8128528.25
1523;17872524.661133
1524;18203042.3125
1525;1235231.75
1526;6223223.890625
1527;22389822.421204
1528;3369634.05664
1529;4728207.921875
1530;4648070.585938
1531;1243355.125
1532;1378085.15625
1533;4307824.0
1534;2133280.0
1535;6896926.0
1536;4647890.5
1537;5812150.820312
1538;4497453.0
1539;3884074.078125
1540;3631612.5
1541;1517404.139648
1542;779883.6875
1543;29952699.21875
1544;3851272.5
1545;601646.9726559999
1546;2314967.0625
1547;1610392.421875
1548;1069485.321228
1549;3749355.0
1550;814697.46875
1551;2625415.53125
1552;4375082.875
1553;2108852.0
1554;4712166.0
1555;4638005.5
1556;861786.3125
1557;945536.3125
1558;2068235.25
1559;9294520.376465
1560;10505241.314453999
1561;964766.853027
1562;2563477.375
1563;988791.266235
1564;2915438.5
1565;4709757.672851999
1566;2826721.215271
1567;1067309.2617189998
1568;1184260.337891
1569;875839.476562
1570;802193.5664059999
1571;19312911.710938
1572;300401.10742200003
1573;3102597.084961
1574;2701845.5
1575;578534.402344
1576;2993582.500977
1577;1353726.371948
1578;1616307.0937499998
1579;14283679.263672
1580;2281371.6977540003
1581;117100.43616499999
1582;14815565.811157
1583;877207.546875
1584;155788.505371
1585;2217724.407226
1586;1257198.75
1587;231213.27050699998
1588;2823373.5315549998
1589;336487.942627
1590;15676482.449219
1591;3763300.490234
1592;1154292.4492189998
1593;458983.917969
1594;427150.578125
1595;1004503.21875
1596;19626613.064575
1597;489896.49839
1598;2308605.6875
1599;364238.897217
1600;905984.0351559999
1601;1028760.895508
1602;983801.316406
1603;137766.23584
1604;253450.954895
1605;2729348.948242
1606;4138579.913818
1607;2912489.410156
1608;2201492.713196
1609;1718253.932236
1610;751354.578125
1611;10197419.929688
1612;1480674.514649
1613;815183.113655
1614;837597.318359
1615;1599833.026367
1616;301314.43554700003
1617;3192516.1875
1618;313249.12793
1619;141517.8125
1620;52694203.0
1621;20338935.982422
1622;2888326.5
1623;906435.46875
1624;2938049.5
1625;1435113.99382
1626;1889634.125
1627;6252287.712463
1628;8416210.765626
1629;2634660.5
1630;22958442.0
1631;15903620.5
1632;1306961.4375
1633;25826994.5
1634;703342.140625
1635;10988136.4375
1636;5901291.464844
1637;4703265.320312
1638;10152813.886719
1639;4524443.679688
1640;16614048.059082
1641;2476602.988892
1642;27863134.375
1643;934260.9375
1644;49940040.290649
1645;11619236.0
1646;1553741.625
1647;451784.875
1648;16708011.0
1649;12071877.0
1650;27830499.125
1651;3121790.8125
1652;4074960.375
1653;5546597.265625
1654;39520348.0
1655;3285647.850342
1656;876651.9375
1657;684745.375
1658;5239139.0
1659;21770102.0
1660;279730.219482
1661;88053210.904785
1662;2902693.46875
1663;789530.3320309999
1664;5886498.0
1665;11005921.0
1666;3369598.5
1667;9054564.0
1668;4420201.875
1669;20023152.46875
1670;3468732.75
1671;13864499.5
1672;646896.648438
1673;7271228.5
1674;7942250.5
1675;8757224.0
1676;132088362.0
1677;652241.615234
1678;7980340.140625
1679;1201715.25
1680;2867185.824219
1681;4007016.625
1682;3191789.401299
1683;4220263.6875
1684;12804510.5
1685;32892921.75
1686;1934061.875
1687;25546188.9375
1688;7903536.765625
1689;3388490.5
1690;19889147.702421
1691;576298.0
1692;4985624.5
1693;1349976.75
1694;819218.875
1695;4824676.5
1696;16532144.998047
1697;12716817.0
1698;11324769.476562
1699;8121892.75
1700;9200013.0
1701;15890694.625
1702;6088467.5
1703;7875593.75
1704;2284880.5625
1705;4598734.169922
1706;8555190.902344
1707;1279417.875
1708;3303164.259277
1709;130164.48046799998
1710;20898071.78125
1711;5803564.0
1712;6535976.5
1713;1050020.875
1714;90513552.296875
1715;10415201.663086
1716;690884.140625
1717;4672837.59375
1718;14861193.0
1719;2834777.96875
1720;833636.027344
1721;622539.284668
1722;2122170.426025
1723;620741.765625
1724;319656.28247100004
1725;884027.665039
1726;15578197.375
1727;1686935.7822260002
1728;1031179.78125
1729;47510549.5
1730;1845790.59375
1731;1710339.568848
1732;2673114.339844
1733;2248627.328125
1734;274773.628906
1735;1092444.375
1736;642635.8125
1737;17909404.664063
1738;460192.410156
1739;332711.711731
1740;226346.3125
1741;355133.753418
1742;332557.070313
1743;1260305.71875
1744;617478.96875
1745;2424267.0
1746;825205.5
1747;742616.3931100001
1748;12367107.546875
1749;1732749.2590339999
1750;6345165.535156
1751;5299817.5
1752;583931.1523440001
1753;876389.0
1754;2513438.375
1755;751523.296387
1756;599192.953125
1757;5224828.609375
1758;3236648.738281
1759;1564348.625
1760;1317216.618652
1761;376486.59375
1762;1221332.886719
1763;184342.203613
1764;327837.43554700003
1765;115092.910156
1766;9718634.691224
1767;4784436.25
1768;384072.119141
1769;1891937.6328119999
1770;722130.175049
1771;27610353.265625
1772;2469204.0
1773;19035661.763672
1774;7039249.5
1775;1271342.494965
1776;6085.900879
1777;18433.337891
1778;1191469.859375
1779;11370685.0
1780;107136.429688
1781;927410.582031
1782;1050013.375
1783;1145900.514343
1784;4799841.378662
1785;327375.5625
1786;1255062.873535
1787;1015921.789063
1788;1764745.234397
1789;1723952.2578130001
1790;1302009.875
1791;1607313.53125
1792;3513732.625
1793;3480120.65625
1794;3211619.29419
1795;7746380.25
1796;81757311.0
1797;756783.78125
1798;4306870.289062
1799;369035.4375
1800;7082195.791016
1801;2452473.25
1802;465515.83007799997
1803;541239.25
1804;2129525.625
1805;440199.203125
1806;1246223.0
1807;157694.113281
1808;703285.484375
1809;581290.796875
1810;606814.3125
1811;4377707.0
1812;311812.25
1813;891846.375
1814;22970658.0
1815;2317150.292969
1816;208104.453125
1817;645152.765625
1818;2224831.78125
1819;1488092.25
1820;67912.66211
1821;1875574.90625
1822;550809.9375
1823;1650472.5
1824;823986.977539
1825;1385345.125
1826;1917239.6484380001
1827;143590.371093
1828;53577678.75
1829;125796.35833
1830;7305788.28125
1831;84018.778198
1832;7968187.5
1833;37239.015625
1834;1585021.196289
1835;1202173.2421880001
1836;513221.448883
1837;1249908.6640619999
1838;1178287.714844
1839;2423877.1434319997
1840;438741.71875
1841;998752.921875
1842;2153565.621094
1843;801429.184723
1844;9091368.1875
1845;788914.625
1846;2771319.53125
1847;1272594.578125
1848;404329.13021800003
1849;2569475.96875
1850;10153158.0
1851;1658501.90625
1852;197167.40625
1853;2111408.667969
1854;837431.8125
1855;1236797.546875
1856;2387259.0
1857;26644524.125
1858;1598872.0
1859;155597.09082
1860;564204.0625
1861;1649577.0625
1862;494155.53125
1863;219448.890625
1864;4096942.6875
1865;1467626.046875
1866;3981447.0
1867;8687522.5
1868;8042836.1875
1869;9801810.75
1870;9510299.75
1871;16685474.03125
1872;78361524.1875
1873;25808322.859375
1874;64911612.0
1875;16487909.044922
1876;6266858.25
1877;44497677.875
1878;74222856.0
1879;59903437.582031
1880;52221503.088799
1881;34911364.0
1882;20967304.59375
1883;69875280.0
1884;37641196.174805
1885;59624204.0
1886;11331286.765625
1887;43068574.5
1888;112031778.3125
1889;64178332.0
1890;36468211.0
1891;98580229.0
1892;35846631.625
1893;11660845.0
1894;34192290.4375
1895;8109257.5
1896;68676707.535156
1897;8615122.0
1898;86767714.5625
1899;1797198.221801
1900;11203237.71875
1901;2858697.743988
1902;2976554.914825
1903;10967531.0625
1904;786133.684204
1905;32028974.21875
1906;12417421.101562
1907;5865022.754395001
1908;1108854.33374
1909;92345.850585
1910;2185435.714844
1911;20362066.925781
1912;2274320.802735
1913;2660971.25
1914;4590676.877869
1915;6803411.171875
1916;382619.682251
1917;9296382.216735
1918;2436843.606446
1919;2583549.46582
1920;2533115.335937
1921;8662473.138671
1922;3359678.637116
1923;22044436.972656
1924;3008232.90625
1925;2706470.734375
1926;11587328.15625
1927;2559816.647767
1928;1725419.277344
1929;894611.090355
1930;3727983.46875
1931;12806441.0
1932;10083693.956177
1933;367953514.861328
1934;10535603.0
1935;6497733.492187
1936;388104.555412
1937;664432.71875
1938;3913835.41748
1939;1927628.610352
1940;5325023.121887
1941;12105356.726562
1942;1452458.604492
1943;15161033.733154997
1944;1073651.1831049998
1945;3018235.767578
1946;106258076.231202
1947;3715982.793945
1948;52263532.604492
1949;2366882.625
1950;46441280.0
1951;21085930.0
1952;4551066.375
1953;5869334.984375
1954;2641457.928467
1955;17453734.703125
1956;8735535.25
1957;12536218.875
1958;8508195.941406
1959;6875806.25
1960;3360929.25
1961;42643267.463379
1962;122066654.0625
1963;6501252.25
1964;5375189.400391
1965;5248629.40625
1966;7066862.0
1967;5234469.25
1968;456266.95092699997
1969;5094221.09668
1970;27807477.25
1971;99495832.0
1972;1474367.810913
1973;4853746.0
1974;3790632.050782
1975;77970768.0
1976;7007160.5
1977;204975280.0
1978;17537342.0
1979;28719685.671875
1980;22843220.0
1981;44642803.0
1982;64555092.679688
1983;2641606.285553
1984;4257499.171875
1985;9910634.25
1986;11072803.521484
1987;7463137.25
1988;152582512.0
1989;27263778.5
1990;41125077.0
1991;21315534.0
1992;4194212.751953
1993;217243619.0
1994;12962867.03125
1995;7420764.9375
1996;19227960.0
1997;3185204.8125
1998;25821922.875
1999;7673688.097656
2000;1462842.25
2001;3509707.84375
2002;8084549.5
2003;16183217.875
2004;74495440.0
2005;2337395.5
2006;5614446.875
2007;10185075.027832
2008;9075157.875
2009;1190774.625
2010;10964185.25
2011;2838463.053711
2012;4788126.5
2013;22229172.5
2014;4597516.576172
2015;7193873.914062
2016;8901456.0
2017;3610793.46875
2018;54005900.25
2019;15297851.433289
2020;6017914.75
2021;2765989.25
2022;8891711.0
2023;17224724.0
2024;11436544.0
2025;3623101.75
2026;5448928.695312
2027;143535800.0
2028;6716877.0
2029;7242950.0
2030;22620114.0
2031;15932695.773438
2032;11892333.0
2033;187857988.0
2034;8235150.28125
2035;4669360.25
2036;4510742.5
2037;6091862.5
2038;19796819.0
2039;5780670.93399
2040;2099226.757812
2041;4133708.384766
2042;4813977.084526
2043;3743893.75
2044;4087552.9375
2045;90480370.0
2046;14951563.0
2047;4893948.0
2048;8814538.863678
2049;3680089.0
2050;11633022.0
2051;4015692.5625
2052;6904844.0
2053;17225920.0
2054;23944312.5
2055;36702940.0
2056;90926117.220703
2057;9218541.390625
2058;859252.487305
2059;7698486.625
2060;15592058.0
2061;2499617.0
2062;31531060.0
2063;13088758.0
2064;6574744.0
2065;12897289.273438
2066;1442081.859375
2067;75134321.375
2068;11695484.25
2069;1629615.2603759998
2070;1680843.375
2071;12169834.0
2072;2902890.75
2073;6937768.140625
2074;2221204.0
2075;6605895.978516
2076;15613518.625
2077;3404032.0
2078;5503857.875
2079;17949228.0
2080;9592780.9375
2081;10028731.875
2082;10082358.5
2083;8470061.0
2084;7638953.0
2085;64208782.833099
2086;78059128.0
2087;28425844.0
2088;15046915.0
2089;10028216.783691
2090;4529425.0
2091;1061193.5
2092;9007956.234375
2093;3541732.0
2094;16069961.03125
2095;7837704.75
2096;28986708.0
2097;22223744.625
2098;8757102.875
2099;1642245.40625
2100;5127316.662598
2101;2729372.101562
2102;658270.9328910001
2103;8810021.695312
2104;4208936.125
2105;7263782.195312
2106;1417233.5
2107;6440779.054688
2108;11994030.0
2109;2965481.402718
2110;4814976.59961
2111;2856991.75
2112;30480395.804688
2113;26803195.75
2114;667729.358322
2115;15796865.625
2116;1244673.106598
2117;10026339.773438
2118;41651903.0
2119;6465304.5
2120;2174903.472656
2121;2837012.53125
2122;11120482.625
2123;490636.0
2124;18229030.0
2125;2251736.867188
2126;8174451.078125
2127;408434.875
2128;1232553.5893549998
2129;1777594.725586
2130;3377905.455567
2131;7482168.0625
2132;816402.398621
2133;2009648.0625
2134;11894154.271386
2135;3859858.734741
2136;2249126.84082
2137;3086865.421875
2138;7026201.0
2139;4301104.867188
2140;6267580.40625
2141;3321174.375
2142;4022004.0
2143;2912914.962891
2144;4077070.5625
2145;6445176.566406
2146;16368540.0
2147;2634926.5
2148;5765987.279785
2149;9857251.0
2150;3425096.3125
2151;932187.21875
2152;973798.468109
2153;193950992.0
2154;4769363.515625
2155;6703398.707405
2156;7701633.352539
2157;15101662.875
2158;7602315.5
2159;8429964.585205
2160;1058608.654236
2161;1605741.5
2162;15410091.140625
2163;2042479.875
2164;18430470.0
2165;3801024.75
2166;4255137.75
2167;12709573.0
2168;3682478.31836
2169;3265768.84375
2170;131384558.625
2171;8428662.5
2172;7505944.023682
2173;6820918.53125
2174;4517246.304687
2175;9984491.5
2176;2364857.967773
2177;14278088.625
2178;48870737.083984
2179;7653932.300781
2180;15262082.6875
2181;3762402.308594
2182;6538622.552734
2183;6343062.9570309995
2184;15771272.363281
2185;22836473.953125
2186;852320.780761
2187;1369347.587891
2188;1497689.786835
2189;3842764.75
2190;38721287.0
2191;3161042.375
2192;13532229.046143
2193;14401958.25
2194;9831926.823242001
2195;72549634.71875
2196;2962722.732421
2197;29321754.0
2198;6039895.241883
2199;4202020.25
2200;57445152.546875
2201;142641017.78125
2202;10973537.0
2203;729496.5014640001
2204;5192141.0
2205;14918667.769531
2206;3114709.397705
2207;5569991.578125
2208;212959.071228
2209;79058493.601562
2210;1091271.585205
2211;16533997.75
2212;10371815.5
2213;185602528.0
2214;7408257.922271
2215;34297848.78125
2216;62878852.0
2217;7503960.350189
2218;50783143.0
2219;18395954.5
2220;5187338.115234
2221;28768018.0
2222;6771946.969727
2223;658388.984375
2224;7844900.0
2225;44217893.625
2226;11800310.71875
2227;4131583.75
2228;4970831.613281
2229;6758188.0
2230;13304275.875
2231;38843601.205078
2232;6865506.162842
2233;45759155.875
2234;52767077.0
2235;4405857.970703
2236;36294649.399414
2237;18523966.75
2238;367820.096252
2239;21913270.0
2240;1391743.25
2241;7531571.0
2242;3399065.375
2243;8779223.140625
2244;4649812.21875
2245;1688465.15625
2246;21115910.0
2247;42106524.0
2248;47594438.75
2249;58698662.0
2250;59909228.0
2251;11339358.34375
2252;15419015.671875
2253;3994963.791504
2254;13161474.5
2255;81506408.0
2256;5176531.386719
2257;2164822.417603
2258;15807460.882812
2259;39886331.75
2260;11770202.373778999
2261;2465269.0625
2262;125004676.0
2263;2773819.75
2264;965635.484375
2265;17029184.0
2266;584200.953125
2267;4711070.828613
2268;6293254.09375
2269;5653635.125
2270;4287377.5
2271;3752556.75
2272;5899927.5
2273;52415452.5
2274;2379595.5
2275;3123900.162109
2276;2991983.247536
2277;32586106.5625
2278;52811692.46875
2279;11909187.181641
2280;48697161.0
2281;27498406.0
2282;135331122.5
2283;38966075.0
2284;2601995.75
2285;24026160.234375
2286;1914795.369606
2287;29641342.0
2288;14515525.0
2289;28099968.5
2290;1412773.451416
2291;5721181.5
2292;4898927.375
2293;2782490.25
2294;9014798.0
2295;2450752.8125
2296;4741701.273438
2297;53127855.796875
2298;3489817.313477
2299;11064718.972656
2300;3338734.1875
2301;9759826.5
2302;3214457.5717539997
2303;5104780.609375
2304;23742460.5
2305;8202940.359375
2306;79350766.0
2307;10681298.625
2308;2155623.750122
2309;48879682.0
2310;4160536.25
2311;7916645.841797
2312;1551405.0
2313;8739438.3125
2314;8989069.5
2315;50105145.21875
2316;859967.217162
2317;3031724.25
2318;3294664.547596
2319;5030934.5
2320;11173358.359376
2321;14383528.15625
2322;13390511.46875
2323;67523868.0
2324;1819839.933594
2325;55057247.8125
2326;14262460.721069
2327;3327134.75
2328;3040358.578125
2329;30168030.0
2330;652141.625
2331;5345352.5
2332;326321.358765
2333;1010179.0625
2334;7947863.0625
2335;539534.0395279999
2336;1528838.220459
2337;2174316.0
2338;9754217.5625
2339;8248505.122559
2340;2444903.828125
2341;884943.742188
2342;387316.145264
2343;510061.8125
2344;959426.632812
2345;2076609.9140619999
2346;692376.6815190001
2347;752898.875
2348;5646895.419434
2349;1185796.869141
2350;1402218.25
2351;1814721.15625
2352;1777725.131073
2353;1189290.625
2354;2703021.671875
2355;941892.886413
2356;650991.1210940001
2357;1529723.875
2358;7402553.016113
2359;773676.71875
2360;486090.550904
2361;525553.25
2362;1871903.0
2363;933315.53125
2364;1025099.518555
2365;504924.134277
2366;475158.647033
2367;1250382.125
2368;11189443.96875
2369;2484917.75
2370;2736641.5
2371;1359205.532692
2372;945058.5
2373;6135549.25586
2374;580090.5
2375;307570.550781
2376;37987265.1875
2377;1229989.125
2378;922413.15625
2379;1412696.0
2380;28765373.273621
2381;1239787.312622
2382;908274.732269
2383;1898141.5625
2384;373612.563323
2385;1109094.875
2386;2003805.460938
2387;2012217.636719
2388;1199278.625
2389;1108661.109374
2390;2138587.195312
2391;1411018.328125
2392;4058641.25
2393;1958169.25
2394;5113269.0
2395;506494.328125
2396;17977738.5
2397;7390601.234375
2398;1388466.267578
2399;2466154.25
2400;17465769.0
2401;17554238.0
2402;2412389.77539
2403;3155407.125
2404;10656427.914062
2405;5051059.28125
2406;1727981.84375
2407;6290207.0
2408;1162680.1328119999
2409;2677530.0
2410;1666156.074768
2411;4422662.0
2412;12162424.5
2413;1450840.875
2414;86348699.427734
2415;1276397.375
2416;2894549.25
2417;6462711.9375
2418;6383612.5625
2419;4203667.625
2420;2515839.171875
2421;4316250.289062
2422;2139725.75
2423;5977618.5
2424;8922278.5
2425;2759717.75
2426;1059492.75
2427;2457823.5
2428;9142134.0
2429;424971.625
2430;4393385.5
2431;63695241.34375
2432;909661.921875
2433;363703.125
2434;3821144.125
2435;2837267.125
2436;4066468.25
2437;5484788.25
2438;3615032.582031
2439;710711.90625
2440;4887551.984375
2441;951240.220917
2442;79541009.5
2443;875974.05957
2444;4137685.0
2445;784668.232422
2446;9207757.0
2447;4252709.821075
2448;5093647.9375
2449;2916611.6875
2450;2033852.21875
2451;19917301.5
2452;619345.5
2453;2400179.375
2454;4088251.0
2455;8927776.0
2456;1191631.875
2457;6709097.190552
2458;3963830.09375
2459;25810797.765625
2460;11041966.285645
2461;4983016.890625
2462;3183920.382812
2463;536686.71875
2464;1204484.554688
2465;1413477.4375
2466;18736058.226562
2467;14126234.0
2468;6715085.09375
2469;5367940.535156
2470;47642948.0
2471;1467000.296875
2472;5077007.0
2473;2531737.652588
2474;28254128.0
2475;15006121.0
2476;1400284.710938
2477;14669609.5625
2478;187119248.0
2479;4665835.805176
2480;802073.862639
2481;1599162.125
2482;1409016.4375
2483;391763.375
2484;3163243.0
2485;4564543.0
2486;15378045.0
2487;18942480.0
2488;25826335.441223
2489;6285295.0
2490;1311097.875
2491;8004727.6875
2492;1994731.25
2493;5690825.28125
2494;10214818.375488
2495;17164778.0
2496;1790432.2236030002
2497;124315.679565
2498;3101194.679688
2499;1611993.8515619999
2500;8784916.804688
2501;4202830.28125
2502;1204578.220703
2503;1576675.205811
2504;182543.8125
2505;7090950.5
2506;81873332.675781
2507;1836727.421875
2508;64242745.993408
2509;7925355.210938
2510;200857.54834
2511;6263439.726562
2512;1959884.125
2513;1313513.1875
2514;2007886.5625000002
2515;6805075.375
2516;3037457.605469
2517;23527302.109375
2518;288071317.606689
2519;1452731.734375
2520;43200060.691406
2521;77148585.296875
2522;523717.71875
2523;447758.875
2524;1535139.966187
2525;1882631.625
2526;457483.858239
2527;22625529.0
2528;285322163.90625
2529;8091850.375977
2530;16507414.700195
2531;1728376.953125
2532;1607503.125
2533;3425625.091797
2534;2618905.34375
2535;1053826.46875
2536;7357908.5
2537;6240701.506836
2538;12993393.0
2539;3919544.5
2540;2088042.0
2541;270544.28125
2542;6105877.968262
2543;3572715.618774
2544;2028371.5
2545;6649663.5
2546;200452825.9375
2547;444484.550781
2548;632606016.0
2549;333191.125
2550;4406289.171875
2551;1450828.5
2552;4000376.9375
2553;26399419.5
2554;1164387.660156
2555;38781108.0
2556;512152.0
2557;133640653.409912
2558;5906189.080322
2559;588572.3125
2560;24930962.640625
2561;493869.65625
2562;4142455.40625
2563;1949918.275391
2564;2189201.328125
2565;4694939.392578
2566;141011898.5
2567;4763355.291991999
2568;829654.612976
2569;5343968.5
2570;2686890.007812
2571;45147070.0
2572;1939691.391113
2573;3683207.804688
2574;6882442.226562
2575;23048056.0
2576;550750.423706
2577;3830944.851562
2578;22426930.195312
2579;85551750.5
2580;4751045.5
2581;642527.0
2582;3335451.53125
2583;12645791.75
2584;6092656.625
2585;1093556.980225
2586;126809225.0
2587;4499319.225586
2588;5300740.0
2589;1488237.783203
2590;2028746.7734369999
2591;1023280.942016
2592;8416967.0
2593;9921931.25
2594;7093514.5
2595;26720365.0
2596;6403640.776366999
2597;16947109.492188
2598;928628.0507820001
2599;6497691.462891
2600;22979638.052734
2601;30750740.0
2602;2738074.686524
2603;3612140.0
2604;103040410.017578
2605;315200.624023
2606;1030405.21875
2607;27658303.84375
2608;3084922.414063
2609;3268975.75
2610;8931111.358765
2611;9127684.96875
2612;4276281.375
2613;656067.0
2614;354043.1875
2615;10310887.0
2616;1430758.798828
2617;2667932.242188
2618;6935375.625
2619;12449017.0625
2620;191332.586914
2621;29084943.158203002
2622;667866.0
2623;2965582.9375
2624;1675032.7734380001
2625;3129922.96875
2626;2185022.066406
2627;9160728.75
2628;3531351.125
2629;1954620.478882
2630;10409359.328125
2631;13529522.75
2632;2641328.125
2633;9389454.0
2634;8111663.75
2635;10811262.90625
2636;44345420.0
2637;257100.652344
2638;485094.24780199997
2639;2036952.175781
2640;9115987.1875
2641;6164834.625
2642;86537496.0
2643;2425434.25
2644;3799188.070313
2645;44999146.25
2646;7889652.5
2647;1221372.5
2648;5450110.125
2649;6085304.5
2650;947526.828125
2651;1877199.578125
2652;6374578.0
2653;31768531.673828002
2654;112187.802124
2655;13581307.5
2656;2384879.875
2657;6482359.177734
2658;121019821.0
2659;10089029.966064
2660;1850463.375
2661;839535.906311
2662;639311.1875
2663;20575152.5625
2664;687406.277344
2665;8166791.0
2666;21402108.372559
2667;213271.747825
2668;5446185.09375
2669;6589407.1875
2670;1655126.25
2671;13308321.0
2672;5996623.25
2673;18466608.0
2674;2786552.3125
2675;29530410.0
2676;16622208.25
2677;30848052.0
2678;894572.59375
2679;13434249.9375
2680;1900505.09375
2681;5211366.25
2682;1291569.875
2683;13536833.0
2684;636014.515625
2685;2329728.496704
2686;13460195.0
2687;1028623748.0
2688;458492.208984
2689;1833013.109375
2690;489610.45459
2691;1535544.15625
2692;1268701.994141
2693;2117870.0
2694;3555026.292969
2695;1264679.449219
2696;1492126.386963
2697;1667501.9375
2698;55496603.413086
2699;624369.5
2700;21926116.0
2701;11841589.421875
2702;801854.0
2703;4161189.172852
2704;4028907.25
2705;2227883.0
2706;860709.9375
2707;7025930.5625
2708;33947999.5
2709;1885577.09375
2710;30598290.064208
2711;352267.37465
2712;1270050.53418
2713;374899200.0
2714;1806497.671875
2715;10194986.839356
2716;167678912.0
2717;2396245.686035
2718;2453635.761719
2719;2156574.785156
2720;5083824.0
2721;7895067.982178
2722;6385498.5
2723;23761790.617187
2724;10725681.957031
2725;6986406.34375
2726;73381209.453125
2727;38949880.0
2728;4417867.023438
2729;16424019.0625
2730;3974720.20752
2731;5500699.677597
2732;2513161.75
2733;9385480.8125
2734;5366927.59375
2735;80610950.0
2736;6024228.5
2737;7300160.5
2738;8685466.760498
2739;3041719.25
2740;2458592.0
2741;2028350.983276
2742;5507749.904297
2743;4691420.1875
2744;2982022.1875
2745;14254775.192383
2746;4926936.609375
2747;18750169.902343
2748;3145299.366211
2749;59489044.0
2750;535927.644531
2751;2319684.236328
2752;3231171.171875
2753;4346884.898437
2754;4285826.125
2755;4361029.65625
2756;1620778.320312
2757;6335332.492188
2758;1034562.243164
2759;1205746.859375
2760;382354.529297
2761;13507176.518555
2762;6229145.984375
2763;1954918.839844
2764;215323807.8125
2765;1702380.21875
2766;4155209.046875
2767;21590780.191833
2768;9045928.503418
2769;102416498.397461
2770;3052232.1115409997
2771;49249456.229736
2772;1628698.375
2773;21472231.762695
2774;9714645.265625
2775;6670291.5625
2776;2966010.078125
2777;683675.984375
2778;1684140.550781
2779;937333.0
2780;12042519.0
2781;9876617.046875
2782;10405954.0
2783;987413.3125
2784;6168995.46875
2785;929182.875
2786;2946123.75
2787;3695283.75
2788;865231.3125
2789;450154.53125
2790;4666362.5
2791;1596320.1875
2792;184510.78125
2793;34279884.0
2794;5149614.0
2795;523789.53125
2796;234495.837891
2797;2393776.75
2798;3590616.0
2799;793918.625
2800;2060717.75
2801;6065690.242188
2802;4193450.628906
2803;30941258.0
2804;361012.445312
2805;698937.1875
2806;2588782.5
2807;10040977.0
2808;1519407.75
2809;4480072.5
2810;1474197.962891
2811;1475244.75
2812;4210548.0
2813;71816218.75
2814;12397188.0
2815;4742148.296875
2816;539287.84375
2817;4402913.677796
2818;793144.5625
2819;947227.515625
2820;1922006.5
2821;1043211.125
2822;2344054.5625
2823;1916599.4921880001
2824;2543264.835938
2825;1268289.375
2826;579286.82666
2827;177910.28125
2828;40850437.0
2829;4638670.813477
2830;19913122.0
2831;10965662.0
2832;15627493.125
2833;4334822.5
2834;8618852.0
2835;4324922.5
2836;7077329.6875
2837;599686.498047
2838;2756848.0
2839;1602068.875
2840;912926.6875
2841;51414890.0
2842;2751211.476562
2843;3484355.210938
2844;871861.05783
2845;763151.0
2846;13403705.0
2847;703268.4375
2848;3982427.0
2849;1110185.674316
2850;16705808.807129
2851;1415487.0
2852;2935630.25
2853;5538231.875
2854;403376.496094
2855;2461210.25
2856;1941364.3125
2857;37195532.0
2858;1522118.25
2859;825538.1518550001
2860;29532064.0
2861;846050.596313
2862;3455409.5
2863;2351293.5
2864;1856831.910645
2865;5641708.5
2866;2743052.75
2867;6117468.0
2868;1088215.34375
2869;750125.453125
2870;560308.375
2871;16163868.0
2872;4036238.103703
2873;7451703.5
2874;40535704.0625
2875;2770964.191406
2876;27528589.541016
2877;2558060.0
2878;9793421.75
2879;32214846.65625
2880;136977.53125
2881;2834368.0
2882;1233528.741211
2883;1445259.3955080002
2884;7970383.0
2885;13349847.752228
2886;4085869.125
2887;4547076.960938
2888;11196824.0
2889;11172499.0625
2890;943026.03125
2891;1457214.25
2892;4030056.75
2893;9330090.25
2894;45095780.0
2895;6255961.40625
2896;5318570.5
2897;7918785.5
2898;2185168.5
2899;1270189.4609380001
2900;4634509.0
2901;4877911.625
2902;5357274.5
2903;9763045.0
2904;4852962.831299
2905;7218299.875
2906;6106012.135254
2907;29186320.575195
2908;890246.703125
2909;9852270.862305
2910;807604.6875
2911;3692399.125
2912;3763390.375
2913;5076178.75
2914;12965678.25
2915;9743102.0
2916;7641124.75
2917;8474253.0
2918;7825469.0
2919;2752440.410767
2920;44524974.585938
2921;23255724.171875
2922;24028937.0625
2923;757414.335938
2924;62733584.5
2925;25061664.0
2926;7566821.90625
2927;953325.310059
2928;22331938.75
2929;444068.84375
2930;33272487.53981
2931;16642434.828125
2932;14672693.0
2933;4898821.28125
2934;4925827.796875
2935;238554107.6875
2936;26617869.484375
2937;12999686.064757999
2938;16960741.75
2939;3267485.625
2940;6737281.703125
2941;15171772.712677
2942;3476537.850586
2943;1020228.787598
2944;159289339.125
2945;2747738.9375
2946;28103769.789062
2947;3772239.25
2948;97904689.763672
2949;96986833.21875
2950;5393336.5185549995
2951;35931632.0
2952;35625352.973145
2953;463578.621094
2954;7056931.8881830005
2955;7911996.5
2956;40280871.326111004
2957;3078505.064941
2958;3386011.195313
2959;1221559.911957
2960;1799163.625
2961;9161314.25
2962;48262188.758301
2963;1573176.125
2964;7208176.25
2965;10066250.5
2966;2633942.125
2967;7043518.78125
2968;3100528.357422
2969;57561259.390625
2970;12798888.09375
2971;11072865.375
2972;4868452.25
2973;4116873.25
2974;14530042.0
2975;408268.21875
2976;15403518.0
2977;967846.855469
2978;4750134.75
2979;1895474.125
2980;3454464.585938
2981;2255236.984375
2982;666534.75
2983;2575760.25
2984;11975589.5
2985;5043753.5625
2986;38431676.0
2987;2468610.90625
2988;20735102.257812
2989;1289490.875
2990;3423545.0
2991;2500801.806137
2992;18424613.757813
2993;313414.1875
2994;8296466.7851559995
2995;870436.546875
2996;7789482.671875
2997;119324027.5
2998;15405534.0
2999;3727646.720703
3000;5254316.613281
3001;34707511.0
3002;12258380.0
3003;1825325.377151
3004;671196.5625
3005;3262775.25
3006;5487137.5
3007;8703742.0
3008;39948397.546875
3009;1424955.875
3010;21862828.0
3011;1971910.25
3012;3705135.6875
3013;22433855.0
3014;11338280.0
3015;10781074.472656
3016;2238186.671875
3017;2317781.742188
3018;3626202.40625
3019;1787748.9375
3020;3005536.5
3021;32862816.0
3022;9903252.041016
3023;54882584.25
3024;13272302.0
3025;18389956.0
3026;12721206.0
3027;6314432.0
3028;2564140.429688
3029;2369200.591797
3030;1125060.3125
3031;12507964.0
3032;4379891.5
3033;5790839.5
3034;1694102.75
3035;14807934.990234
3036;174629.361542
3037;210788.22351
3038;2121783.269531
3039;6762095.5
3040;2330550.635742
3041;5919380.967987
3042;838965.955322
3043;1985050.708008
3044;1392567.8125
3045;5823460.4375
3046;12920856.0
3047;3623398.25
3048;4237925.5
3049;28042280.75
3050;2590758.34375
3051;1243744.75
3052;7213091.5
3053;836562.835938
3054;3810510.398926
3055;705249.4375
3056;15209189.0
3057;9454515.875
3058;6671750.0
3059;3250734.5
3060;3865610.15625
3061;4960123.330078
3062;17222554.375
3063;3961297.052734
3064;8400993.875
3065;700710.6875
3066;1895829.875
3067;2237173.957031
3068;3526496.25
3069;9494370.5
3070;1036560.02539
3071;18754177.5625
3072;3996925.056641
3073;802799.625
3074;1525297.375
3075;1387579.375
3076;950902.848389
3077;1166736.34375
3078;3205571.404541
3079;7428695.460938
3080;482149.0
3081;169563.875
3082;13629161.25
3083;2330383.9375
3084;2901470.920334
3085;7077452.988282
3086;4725892.546875
3087;7262326.927488999
3088;3037580.5
3089;1376680.4960929998
3090;15327062.968993999
3091;8880556.308594
3092;1949205.224609
3093;1382584.8125
3094;1916260.472656
3095;20977749.28125
3096;2975622.23291
3097;14855634.960937
3098;582005.124023
3099;7613731.504517
3100;2699484.75
3101;5410713.209961
3102;3279879.489136
3103;15695019.799805002
3104;2111404.38208
3105;3781687.789063
3106;3093966.573242
3107;2118134.7031260002
