zone;sum
-9999;0.0
0;940.348567
1;1997605.3828130001
2;10439386.0
3;45973462.152527
4;4302144.0
5;2618393.25
6;6206980.5625
7;5387365.554688
8;16961778.25
9;4239819.625
10;4706255.171875
11;3403304.0
12;12986490.234375
13;8012713.59375
14;11148650.5
15;6086764.971191
16;18486683.25
17;9444116.0
18;36018208.0
19;2841223.5
20;3364317.25
21;31129758.0
22;9995800.0
23;4965111.5
24;23977172.0
25;11759401.140625
26;8484796.0
27;16753993.625
28;7456214.484375
29;32735318.0
30;4918206.697998
31;10145996.0
32;6717356.75
33;2660768.25
34;3863172.90625
35;4083132.78125
36;25852640.0
37;17370872.796875
38;207587631.0
39;36542253.578125
40;28328230.132812
41;4525596.75
42;3219183.125
43;25263841.0
44;12344329.730469
45;88187188.75
46;4556165.40625
47;115387969.875
48;4832829.800293
49;43310923.5
50;10159375.0
51;4592580.0
52;31919739.625
53;59428020.0
54;7061595.5
55;1811948.070312
56;8881121.445313
57;8494625.25
58;9715125.0
59;23650326.125
60;58815077.0
61;4008791.859375
62;25735271.25
63;13478887.75
64;52016990.5
65;2194109.53125
66;18765360.4375
67;9422940.25
68;3842486.620117
69;6696521.171875
70;6288885.65625
71;11294681.0
72;61023012.0
73;12510206.0
74;3812937.5
75;2465155.5
76;7824104.0
77;12386175.796875
78;26998729.8125
79;5707014.5
80;7528913.4375
81;10680034.25
82;7714381.873535
83;4686404.625
84;3322281.0
85;2810276.5
86;13545666.0
87;4692437.375
88;2127962.921875
89;4021742.457031
90;4446313.75
91;28253575.0
92;5119461.25
93;2921858.0625
94;11749128.0
95;31550345.09375
96;4215235.804688
97;7201100.5
98;9035831.876953
99;5620659.625
100;9820154.964844
101;3379498.351562
102;4871464.838867
103;18439636.855469
104;7479536.0
105;3009868.908203
106;2404117.890625
107;1830418.6875
108;7177281.914062
109;13747700.234375
110;4103646.96875
111;4819044.5
112;6584421.125
113;2644344.226562
114;8307112.9375
115;4200540.5625
116;15993147.0
117;3393998.554688
118;2724430.75
119;2158819.3125
120;7411140.375
121;3724117.706054
122;6107499.25
123;7871569.46875
124;6694060.75
125;18621948.0
126;2470097.4667970003
127;116081568.0
128;2888004.554688
129;5384318.0
130;2312565.71875
131;35993346.0
132;3826715.859375
133;4736428.623779
134;5643350.369141
135;27035881.75
136;3136591.921875
137;5986735.5
138;11880469.054688
139;4472480.992188
140;52619111.0
141;18813469.5
142;2602389.083008
143;7507464.75
144;8362009.886481999
145;22474756.53125
146;28380173.648437
147;6565598.292338999
148;2104677.662598
149;9871158.430542
150;5241973.359375
151;827081417.195313
152;52808708.930359
153;17179949.328125
154;197210766.870117
155;60135530.10791
156;7959297.09375
157;44387799.45226999
158;33216515.453125
159;240706472.0
160;7441578.382812
161;349240.8125
162;33048895.5
163;8634247.428223
164;4931414.6875
165;140315978.0
166;4606245.812820001
167;28711056.75
168;139992814.67212
169;6107867.0
170;22632445.726562
171;32302463.9375
172;3362029.1338949995
173;118542557.523438
174;21275123.0
175;11149851.868042
176;1263497881.808594
177;6658503.069336
178;2869328.811462
179;36694825.338867
180;20564134.632812
181;15755797.461914
182;40792841.125
183;3791323.053711
184;2743614.53125
185;59334505.472656
186;26608970.375
187;24142269.5
188;479030993.634766
189;66146228.234375
190;5752805.784241
191;390374531.125
192;363985126.829956
193;61117409.549133
194;217821758.0
195;436341396.641708
196;1003453.409668
197;139060432.0
198;30180622.386719
199;8820931.1875
200;121791045.367188
201;11697214.831542
202;291212561.398438
203;115858966.5
204;59703448.099319
205;84742209.23437399
206;45534748.085937
207;84398567.525391
208;14626549.875
209;38093282.0
210;10737436.1875
211;59387956.769531004
212;9227486.232421001
213;2269480.1283259997
214;126660231.685547
215;35988693.5
216;9769997.966339
217;124936341.03125
218;2636332.544127
219;85940970.640625
220;3354933.125
221;1052100.0625
222;1226998.793945
223;64551562.0
224;14946913.0
225;4117333.773438
226;941711.665039
227;1409827.125
228;1489965.46875
229;670632.40625
230;766546.100342
231;842489.0
232;136061968.0
233;549337.875
234;7604249.5
235;73763582.8125
236;13863193.125
237;5325865.327148
238;126192307.751953
239;8477301.152344
240;11550211.230469
241;1249861.5
242;4961512.058593
243;3862890.8505860004
244;353185.5625
245;1563933.828125
246;553009.3945309999
247;112486273.269531
248;637663.0
249;3244497.048584
250;11499718.420898
251;1366494.524781
252;1497662.106445
253;5182226.060668999
254;65710260.203125
255;2331392.4565419997
256;36573868.875
257;2811095.1452639997
258;304383.235352
259;7397545.205445
260;10005113.643066
261;5648928.400391
262;3450187.0281370003
263;1262223.1484380001
264;1734829.1875
265;1816657.1953119999
266;5797487.5
267;3638055.696777
268;31660639.617188
269;2028887.75
270;4107878.951172
271;6188681.734375
272;1041666.8125
273;1651198.397781
274;284211.59375
275;2384867.046875
276;8516901.415588
277;2773705.0
278;1807315.761719
279;56185330.421875
280;4714694.749268
281;226842584.0
282;227575741.035156
283;51232728.0
284;41963460.0
285;197533674.0
286;73741576.0
287;35816355.5
288;27735836.5
289;119521696.0
290;47625828.0
291;137940592.0
292;75759582.0
293;38169240.0
294;4258779.0
295;112105736.0
296;4125504.75
297;294764711.757812
298;39324676.6875
299;1952253.25
300;38240960.0
301;24402778.0
302;87679947.434326
303;9655620.507812
304;33751378.0
305;378986067.065643
306;4805831.5
307;2513583.302734
308;181126638.3125
309;61795839.125
310;22486678.0
311;2366278.338867
312;6835693.947266
313;2117440.5
314;2156564.640625
315;2671766.625
316;29691226.03125
317;3810622.5
318;20069108.125
319;219973694.32959
320;2025658.4375
321;3789042.125
322;5824872.982666
323;28633967.5
324;8952323.0
325;2409219.828125
326;140437952.0
327;1610461.019531
328;1007698.53125
329;64213790.0
330;48645625.3125
331;5408726.753906
332;3679242.4375
333;64902845.9375
334;72817655.03125
335;23335365.2854
336;33079480.875
337;14205743.5
338;36745749.15625
339;7030940.5
340;258792735.25
341;55429059.699219
342;168662078.290039
343;234595227.563621
344;122133759.492188
345;82514797.019531
346;12657885.75
347;22996327.087524
348;88161769.375
349;45516398.0
350;48241173.15625
351;27080853.224392
352;90723906.0
353;7370936.625
354;3969930.99707
355;1785689.5
356;98069309.5
357;4024805.0
358;15743191.113281
359;4250359.333984
360;5235626.0
361;2019234.9133
362;2348748.0
363;3032463.513672
364;10489137.515625
365;6652112.8125
366;15524986.0
367;50889516.0
368;2077048.741699
369;3571311.5
370;4162370.5625
371;3503630.0
372;892246.125
373;6657370.0
374;32854146.5
375;6306778.75
376;18099550.0
377;5271975.784729
378;37834574.0
379;195594016.0
380;1380761.09375
381;10022946.996093001
382;57765311.5
383;9294091.734375
384;6806594.756836
385;3400829.0
386;38733832.0
387;25735954.0
388;31858677.5
389;63872569.0
390;69267638.59375
391;4296213.0
392;5844290.172607
393;10886588.25
394;2160322.75
395;18090488.5
396;1814887.5
397;1166532.404297
398;2973000.5
399;651682.625
400;185120438.0
401;6181565.991211
402;3996038.25
403;3203602.09375
404;20676197.1875
405;36122072.0
406;2815088.0
407;8925273.375
408;2597114.03125
409;578969.258789
410;8223417.4375
411;8432914.15625
412;4955613.125
413;2213355.863281
414;30866248.375
415;7462050.53125
416;65131222.5
417;11201907.0
418;321877772.0
419;36544787.140625
420;4955683.5
421;6462455.03125
422;10113821.0
423;22257658.0
424;793424.5625
425;243303744.0
426;18910346.320312
427;12384179.0
428;2324802.8125
429;3474775.75
430;8553971.0
431;52673687.0
432;33346753.9375
433;7907840.0
434;11535315.0
435;61722621.90625
436;1833857.625
437;21048070.5
438;5909817.65625
439;3606190.0
440;1723746.25
441;1653443.625
442;4778079.867187
443;3630470.59375
444;10901481.479004
445;2585565.5
446;4966309.5
447;1421732.412231
448;1183663.125
449;5449365.0
450;8256522.425049
451;10278567.640625
452;24760886.0
453;12075396.0
454;3532203.0
455;8204028.125
456;49839773.0
457;1563258.792114
458;1369173.90625
459;1598919.28125
460;8260462.5
461;6507003.414062
462;1527877.7734380001
463;4897081.5
464;6571778.0
465;6861027.0
466;27423240.0
467;9439279.0
468;5118603.125
469;30825942.0
470;9588702.0
471;5560018.0
472;5093772.5
473;2072402.6835929998
474;11065216.960938
475;3536180.5
476;6774601.46875
477;424887.90625
478;5347500.0
479;57644100.754883
480;1597011.507751
481;26110618.0
482;18642129.269531
483;8269304.5
484;1912775.03125
485;3170463.164062
486;7640710.5
487;1046805.625
488;1151965.875
489;729776.9375
490;1774836.4375
491;1046857.1601559999
492;2332246.0
493;1321342.1875
494;10558092.5
495;10292452.25
496;2382338.0
497;6439879.5
498;21659190.0
499;2161069.0
500;5310379.375
501;4012705.0
502;1909521.46875
503;6615593.46875
504;8698292.921875
505;23673568.0
506;1819652.390625
507;8034232.197754
508;36365128.0
509;6012666.085938
510;7700885.5
511;2519125.5
512;18832405.0
513;1059099.4453119999
514;3971447.304687
515;1813317.875
516;4070200.75
517;619803.117188
518;5557153.0
519;4162473.864624
520;7306488.3125
521;2351955.25
522;4372284.5
523;3783181.5
524;8149403.0
525;7616584.0
526;41156058.5
527;9627114.824219
528;9412309.0
529;10916609.75
530;8906373.0
531;7220797.796875
532;7583909.75
533;6558441.316406
534;14739341.570312
535;3330914.0
536;10663090.4375
537;18903046.0
538;5514135.0
539;5626131.365234
540;9644413.140625
541;6536037.0
542;8048920.5
543;9885109.0
544;3016467.16394
545;9001412.8125
546;19200164.0
547;14305508.75
548;35193591.75
549;3792644.25
550;4677588.710938
551;7236077.625
552;6436193.125
553;3250413.5
554;10121555.0
555;4828775.5
556;5402372.65625
557;6590768.625
558;8859506.900391
559;7210371.0
560;8507218.0
561;6847315.125
562;5971646.25
563;5059351.75
564;4564899.5
565;4113699.625
566;8098497.28125
567;9302677.25
568;6206899.5
569;32390716.0
570;8133503.71875
571;12685739.0
572;5461478.6875
573;9775162.75
574;12291359.070312
575;58115340.375
576;4087141.828125
577;3317234.308594
578;7421578.75
579;5313201.1875
580;6883358.5
581;4229057.5
582;10606531.5
583;9436816.5
584;4715707.5
585;3856061.5
586;3216479.75
587;13385351.0
588;14470471.25
589;8084645.0
590;4729524.462402
591;5054468.625
592;5466535.5
593;106058836.0
594;11961471.311401
595;5540751.810547
596;25128374.677734
597;8917878.507568
598;2910287.25
599;6782683.0
600;50348840.0
601;5991944.0
602;17655522.0
603;23258039.5
604;8550747.953125
605;2886196.75
606;4699946.5
607;3214241.25
608;4573392.5
609;13162560.125
610;7039030.0
611;10524993.0
612;29782353.25
613;10656919.25
614;11089593.875
615;9434104.0
616;3973539.6875
617;2770744.705078
618;95104286.664062
619;1335193.0390619999
620;3196052.5909430003
621;3068361.273437
622;12751548.261963
623;2012871.125
624;8061374.458984
625;16069961.595337
626;14044912.051463
627;2168380.8125
628;1897466.629394
629;23458159.15625
630;336938.324219
631;3359804.462891
632;387896.162109
633;40472518.863281
634;2353486.5
635;7372149.307618
636;1590369.551868
637;7461317.483398
638;3527099.101562
639;4544854.105469
640;4110626.553223
641;5423965.875
642;6962802.976562001
643;6334666.710938
644;6873351.15625
645;36142623.0
646;8987832.4375
647;1456844.523438
648;2692875.990387
649;1591118.723632
650;7250349.5
651;6415062.945999
652;12509071.246185
653;1096267.344483
654;3043119.025512
655;5748903.5
656;4487108.75
657;4078552.568726
658;2754449.75
659;21724873.484375
660;4643655.638184001
661;3081985.164062
662;22070425.5
663;2215146.6875
664;5812582.0
665;15709647.0
666;2275685.25
667;14298030.640625
668;16634591.0
669;1978099.875
670;11208634.625
671;6761790.53125
672;8700564.375
673;55759115.0
674;13250085.710938
675;1075061760.0
676;4615165.0
677;4436261.75
678;7564758.53125
679;4971723.5
680;29742979.5625
681;9402271.0
682;233698786.0
683;5951200.5
684;12913253.0
685;8188704.5
686;3187072.375
687;7056039.5
688;5892705.0
689;10365912.0
690;11804809.0
691;2053591.640747
692;4887208.764648
693;16117421.0
694;7348093.0
695;2981635.25
696;1319094.246094
697;3107014.0
698;19118374.265625
699;12738286.501953
700;15875372.0
701;11185922.873047
702;3531188.625
703;12098091.0
704;7022888.75
705;5338392.0
706;29579594.0
707;125190804.0
708;33566798.3125
709;17670549.8125
710;39729347.595459
711;14377041.0
712;14817949.125
713;183890464.0
714;9802538.625
715;5393453.0
716;4986122.5
717;33460156.0
718;79147080.8125
719;5837654.375
720;12364660.125
721;5187495.0
722;4849651.5
723;45486607.5
724;4698853.0
725;11709382.75
726;16232652.25
727;10073615.953125
728;5474668.3125
729;10558983.625
730;9225372.4375
731;83944586.0
732;21787665.0
733;5178089.03125
734;1492653.15625
735;61189896.0
736;6175618.746094
737;1870456.625
738;3930736.625
739;7382558.390625
740;10660090.0
741;7221088.96875
742;43584548.0
743;2807314.453125
744;7799970.46875
745;7288411.5
746;69057977.0
747;64650920.0
748;19210439.25
749;2193777.75
750;2910457.25
751;43472580.0
752;4867858.125
753;29576424.75
754;4684009.984375
755;20333759.0
756;5010472.6875
757;8217034.445312
758;176287730.125
759;91237952.0
760;13579659.0
761;6125259.5
762;21048498.0
763;6080657.75
764;12998178.5
765;102040086.0
766;27124246.0
767;3799187.25
768;4458727.75
769;22939651.5625
770;5099933.486694
771;11222131.0
772;32804608.0
773;8802562.25
774;14421684.085938
775;2735994.140625
776;7969063.0
777;11596835.75
778;16098205.4375
779;11168501.0
780;36874892.0
781;14123408.0
782;18049979.335938
783;78485986.75
784;7795659.5
785;21058032.0
786;5624478.0
787;8054518.5
788;8358786.75
789;23027112.0
790;9174353.515625
791;11952639.0
792;23451718.25
793;50163425.5
794;11668344.875
795;92360419.0
796;29333460.0
797;11949649.125
798;17681190.625
799;15239916.25
800;11194875.46875
801;8909042.25
802;41596516.0
803;13637613.5
804;8985683.0
805;13154006.0
806;32238634.0
807;42676572.0
808;15652683.5
809;157005110.0
810;12681135.0
811;43229452.0
812;20271398.645508
813;13273193.25
814;14186281.0
815;4396102.25
816;281560967.253906
817;29984172.0
818;19043973.0
819;6226651.75
820;16046651.0
821;1776883.398438
822;6103728.0
823;5796898.25
824;5924532.0
825;5766111.65625
826;4206983.789062
827;6095658.648438
828;55004840.0
829;11343368.0
830;11834734.634766
831;9710607.0
832;10658113.132812
833;8042502.5
834;6926456.6875
835;12970666.1875
836;16911582.0
837;82983175.125
838;9170343.0
839;8228623.5
840;6901449.375
841;3355287.289062
842;45371488.0
843;7256311.0
844;2664223.75
845;59984848.0
846;5732121.875
847;35304308.0
848;18828848.5
849;9925743.25
850;10881066.716797
851;18842438.0
852;12732678.0
853;3356521.25
854;8925092.0
855;22864028.5
856;1881580.625
857;5050136.625
858;2964830.0
859;4826162.5
860;4375369.71875
861;3932177.375
862;8048834.0
863;15844387.125
864;784611.5625
865;3591045.25
866;3475685.25
867;6175801.875
868;9961019.8125
869;742476.8125
870;1355108.8984380001
871;1311171.859375
872;10551895.0
873;899497.3125
874;2932724.6875
875;1466373.953125
876;22656510.3125
877;5724632.71875
878;2755141.503906
879;1236428.7890630001
880;1077790.228516
881;8105328.695313
882;2395017.132812
883;8702995.25
884;7453607.289062
885;7732882.5
886;6863102.0
887;1304583.75
888;660935.619637
889;1509347.093994
890;2390688.75
891;2459748.972657
892;2140241.453125
893;888502.5
894;1184333.045899
895;2247843.75
896;1477236.625
897;10102925.0
898;4311980.4375
899;5149532.5
900;138905559.78125
901;2059923.203125
902;1282847.410156
903;2887766.4375
904;1004839.859375
905;7748495.5
906;1493966.8125
907;912229.9375
908;1054585.150391
909;3289682.625
910;16456019.0
911;8877151.0625
912;3382629.375
913;1550897.6875
914;12373067.0
915;8551441.5
916;4135512.75
917;10703613.0
918;1937098.65625
919;4806846.875
920;1257704.207031
921;5588106.234375
922;6421773.5
923;1549653.625
924;2231229.125
925;1947936.5
926;4780058.75
927;2183055.75
928;2440932.65625
929;2407234.5625
930;3048664.25
931;6842879.5
932;1296509.1875
933;3643083.9375
934;1321049.375
935;14057259.0
936;19134498.125
937;1970095.4375
938;2541418.828125
939;2582057.375
940;16029284.5
941;2058568.625
942;1482674.6875
943;1598596.1875
944;124879452.125
945;2636681.59375
946;2062985.3125
947;49483764.625
948;943411.859375
949;7329994.0
950;1872754.042175
951;5350834.5
952;2931676.25
953;1418145.839844
954;790116.9375
955;2491236.172607
956;1127939.25
957;3589153.25
958;1387848.4375
959;2824118.6875
960;35658819.0
961;6384065.5
962;5840623.28125
963;6724799.375
964;3656707.5
965;6419406.5
966;12015492.0
967;10652511.28125
968;3581457.161865
969;19957663.75
970;2949349.71875
971;6977838.558594
972;13914921.75
973;36820261.4375
974;3657805.9375
975;4076544.5
976;7608064.5
977;5216465.0
978;2262109.5
979;24081276.0
980;10626584.328125
981;5424193.0
982;18522773.978516
983;3777988.0
984;7206998.0
985;5744615.28125
986;2992731.713379
987;2330160.75
988;11855342.21875
989;5178250.625
990;30010206.5
991;3412884.5
992;2128606.0
993;3127222.75
994;77398886.320312
995;5584220.5
996;10381769.125
997;15402382.0
998;2801037.949707
999;2835358.0
1000;4280984.484375
1001;4671305.765625
1002;5563558.890625
1003;9637831.875
1004;13813744.375
1005;8421974.0
1006;2661678.375
1007;4761677.416016
1008;16572664.0
1009;7271753.0
1010;29508967.25
1011;15962334.0
1012;5752436.350098
1013;6584628.859375
1014;5313309.0
1015;3167020.75
1016;220669405.484375
1017;6488190.5
1018;12577871.484375
1019;32262777.925781
1020;3751074.5
1021;7640631.445312
1022;3510080.25
1023;2022708.109375
1024;4353865.25
1025;6832172.5
1026;10904456.0
1027;4603159.0625
1028;2854113.0
1029;6072893.5
1030;15945426.140625
1031;3236506.25
1032;3072076.296875
1033;6539622.898438
1034;8039276.067994
1035;21113130.113281
1036;1938081.9375
1037;3265040.25
1038;4237476.841797
1039;12049073.0
1040;2594957.007812
1041;24997534.0
1042;4411820.0
1043;8358345.5
1044;7329645.0
1045;4749461.0
1046;3825395.25
1047;8152419.203125
1048;3601364.428711
1049;9711866.767578
1050;15434928.0
1051;2355431.75
1052;3559556.5
1053;7402327.515625
1054;16807050.0
1055;1409394.3125
1056;15069447.148438
1057;3739074.3125
1058;3298926.125
1059;8834757.0
1060;21900201.25
1061;888884.75
1062;4056760.25
1063;7095951.251465
1064;7003507.5
1065;14328096.75
1066;15001642.0
1067;7043212.0
1068;4695794.125
1069;8729838.0
1070;5528485.5
1071;2968417.25
1072;5638939.5
1073;5561867.62793
1074;5369527.25
1075;9053935.46875
1076;2437742.621948
1077;8683867.3125
1078;33858228.0
1079;5006853.5
1080;7302425.25
1081;12081893.0
1082;21922030.828125
1083;4578020.013184
1084;4470795.25
1085;8735218.0
1086;6328037.125
1087;3087606.15625
1088;22954456.5625
1089;43042064.125
1090;4015159.25
1091;2065344.842285
1092;55935275.96875
1093;3632021.53125
1094;2392871.8906239998
1095;1570265.017578
1096;5593740.90625
1097;91526018.5
1098;2168888.75
1099;3315190.5
1100;6620187.34375
1101;4234029.3125
1102;3664173.0
1103;16521853.123711
1104;8879957.888916
1105;3671629.21875
1106;6242953.976562
1107;88293200.125
1108;3149164.765625
1109;11415242.0
1110;18714078.235596
1111;19227139.0
1112;49021999.0
1113;2306312.4375
1114;7525810.5
1115;7866494.550781
1116;87575078.0
1117;37640412.523438
1118;7499709.8125
1119;5104281.0
1120;30806352.296875
1121;1710438.5
1122;4462818.652344
1123;5509515.625
1124;16078891.0
1125;9479787.0
1126;1969394.375
1127;8372989.5
1128;16639011.375
1129;12555927.117188
1130;11901549.0
1131;10426418.0
1132;49145301.75
1133;24578917.84375
1134;1536870.875
1135;22464078.818359
1136;5756231.5
1137;10179253.28125
1138;9116008.4375
1139;6914044.0
1140;2925427.5
1141;2740346.25
1142;3583035.25
1143;9533180.0
1144;8111635.5
1145;56541362.75
1146;37989877.0
1147;96785971.167969
1148;4798480.5
1149;134159415.375
1150;20707270.75
1151;105929695.5
1152;37880820.5
1153;287009836.671875
1154;3808379.604126
1155;130643328.0
1156;87762176.0
1157;121792328.0
1158;176502816.0
1159;17271044.207031
1160;116312136.0
1161;263551100.0
1162;28483182.0
1163;35512603.5
1164;17744509.797852002
1165;11515419.53125
1166;42664610.4375
1167;10562360.908203
1168;64550204.25
1169;12606457.0
1170;50680401.351562
1171;73818128.74707
1172;6844538.09375
1173;201081584.5
1174;160626144.0
1175;14054435.5
1176;24808919.0
1177;7625818.5
1178;12604694.039062
1179;44858826.5
1180;26419486.0
1181;24163151.164062
1182;21578500.75
1183;19516713.578125
1184;69326986.5
1185;8158376.356934
1186;17725635.25
1187;27042041.3125
1188;10191088.260742
1189;8008358.5
1190;14079444.0
1191;38948041.049805
1192;5422313.279298001
1193;7415860.875
1194;13830526.348145
1195;8974420.203125
1196;7014976.609375
1197;46427456.5
1198;4787336.5
1199;2745632.914062
1200;42841016.5
1201;9660199.0
1202;8955421.25
1203;4903345.0
1204;2464658.115234
1205;15398286.5
1206;4378165.5
1207;56913859.5
1208;16067650.0
1209;27348660.0
1210;8997815.185303
1211;4437786.445312
1212;22468896.0625
1213;6409417.361038
1214;20755919.120117
1215;39849142.0
1216;10161837.9375
1217;8626237.138672
1218;15030347.5
1219;8499668.25
1220;32974101.0
1221;12471890.0
1222;95723465.5
1223;8922194.59375
1224;24285901.0
1225;4981724.733887
1226;13663398.125
1227;17077670.0
1228;6368257.234375
1229;17225011.875
1230;18323778.3125
1231;8686010.296875
1232;68276798.125
1233;17355753.414062
1234;3929082.5
1235;46175076.0
1236;65139608.0
1237;5831515.5
1238;158973968.0
1239;658331.943359
1240;7159661.550049
1241;44760157.5
1242;2846743.625
1243;31444227.875
1244;23805064.75
1245;2062067.626953
1246;184648928.0
1247;17144989.375
1248;24691994.0
1249;6876858.25
1250;52375311.25
1251;4354881.587159
1252;9067123.25
1253;10363801.0
1254;40821260.0
1255;20815838.75
1256;3168545.651931
1257;11443158.0
1258;6039940.9375
1259;13218887.5625
1260;9944269.5
1261;295948954.0
1262;7797455.5
1263;7053820.375
1264;3165153.75
1265;2665666.25
1266;8063902.5
1267;86506812.0
1268;4828091.203125
1269;8710849.03125
1270;45962914.5
1271;51615825.0
1272;19468504.0
1273;20061990.0
1274;18034598.71875
1275;2701941.3125
1276;15675147.25
1277;26578014.0
1278;8774891.093504999
1279;9701767.671875
1280;80550198.5
1281;373325552.0
1282;8159934.89357
1283;84779666.0
1284;14028843.75
1285;18017782.5
1286;2932786.75
1287;12368721.0
1288;13049065.84375
1289;11762331.125
1290;15580675.0
1291;2868593.234375
1292;16343198.0
1293;9873093.0
1294;1232476.421875
1295;6149748.578125
1296;11973434.25
1297;7108216.609375
1298;27322912.0
1299;19864074.0
1300;108087227.0
1301;8083865.125
1302;15798729.114502
1303;7352274.5
1304;11065243.0
1305;12263372.0
1306;18637976.0
1307;3195638.697266
1308;293823206.0
1309;8385963.0
1310;6795532.90625
1311;12405622.5
1312;15899990.587891
1313;6951990.0
1314;6763550.125
1315;18329411.75
1316;2241605.835938
1317;2638507.326171
1318;4330046.78125
1319;3205505.365234
1320;3763562.5
1321;1091136.34375
1322;10321261.0
1323;10776061.0
1324;13794664.0
1325;9662510.4375
1326;2096755.8125
1327;9673439.25
1328;15522256.25
1329;4868945.96875
1330;10213855.5
1331;5592621.416016
1332;13877449.0
1333;9160293.5
1334;10523307.03125
1335;3278288.5
1336;37285988.640625
1337;26832765.0
1338;6654497.0
1339;5223005.171875
1340;10776731.0625
1341;10724940.0
1342;5186275.941406
1343;113722828.0
1344;5213195.5
1345;1960008.703125
1346;20059921.5
1347;10773918.703125
1348;6190749.140625
1349;10260702.0
1350;38567985.625
1351;13266329.21875
1352;23476178.0
1353;7960377.5
1354;52293152.0
1355;52651825.609375
1356;4835398.25
1357;6327467.75
1358;11068069.0
1359;2194563.695312
1360;10108799.337299
1361;4768170.0
1362;7151513.375
1363;67346616.0
1364;3044415.5
1365;17877725.5
1366;34415517.0
1367;5284474.25
1368;6061849.75
1369;6735663.5625
1370;4906098.5
1371;2509381.195312
1372;10235668.0
1373;24207489.0625
1374;10627601.3125
1375;3223366.087402
1376;6785632.5
1377;45467668.625
1378;14628897.1875
1379;5439676.0
1380;4930211.0
1381;13638283.125
1382;4416515.283203
1383;23310629.074219
1384;6868553.625
1385;25082956.875
1386;3759781.0625
1387;2788472.6875
1388;3952899.169922
1389;21770222.75
1390;5838002.875
1391;5345679.827637
1392;1524456.625
1393;23285628.0
1394;20255287.5
1395;3114586.25
1396;52640056.0
1397;3234806.4375
1398;3533062.25
1399;4876971.625
1400;3949376.507812
1401;3427902.546875
1402;8081923.0
1403;3589925.5
1404;27388967.25
1405;6100159.023438
1406;86434064.0
1407;2705689.75
1408;3618704.875
1409;3008176.5
1410;7268452.625
1411;2126800.75
1412;3075237.25
1413;3634959.1875
1414;10547431.75
1415;2656317.375
1416;160501408.0
1417;43595286.53125
1418;13502437.375
1419;29564942.0
1420;2361123.75
1421;9312983.84375
1422;3877927.0
1423;10449853.25
1424;4492149.5
1425;12738695.0
1426;5423045.914062
1427;12223418.0
1428;6216989.5
1429;1980645.4375
1430;2949020.875977
1431;4831990.671875
1432;8491860.945312
1433;3697726.138672
1434;8098361.25
1435;5232170.625
1436;5883865.25
1437;9137641.0
1438;4034138.5
1439;3355748.0
1440;7016648.336914
1441;17386440.5
1442;6904615.25
1443;2830256.447266
1444;6009496.75
1445;2559594.515625
1446;11152501.75
1447;11473724.4375
1448;6534965.225586
1449;5247105.0
1450;2206223.4375
1451;9030948.875
1452;7366763.413086
1453;13720918.0
1454;23367871.5
1455;1924891.875
1456;3350045.765625
1457;5370132.921875
1458;8059453.664062
1459;5959362.5
1460;82880225.777344
1461;3245580.0
1462;3200760.125
1463;9258198.125
1464;12617906.0
1465;13776690.154297
1466;5651035.625
1467;1547054.238281
1468;7416557.5
1469;335295436.519531
1470;2207267.125
1471;2517040.0625
1472;12430385.0
1473;2532225.0
1474;17408936.0
1475;7110171.5
1476;6378749.25
1477;9471765.0
1478;5358431.40625
1479;799186.171875
1480;8877616.458008
1481;4816118.5
1482;2822058.4375
1483;6257619.132812
1484;11308217.955933
1485;2896353.640625
1486;4277590.613281
1487;2241976.5625
1488;8537317.765625
1489;2002217.65625
1490;4865955.46875
1491;6715242.523438
1492;2463525.265625
1493;4366248.625
1494;6270785.0
1495;5864882.875
1496;5135198.5
1497;2260514.75
1498;5883404.625
1499;41210547.0
1500;15738947.875
1501;1464409.390656
1502;2119045.4375
1503;5938016.53125
1504;3779318.25
1505;54759797.5
1506;9724936.25
1507;4150619.375
1508;33726335.922242
1509;2352011.875
1510;522215.897461
1511;6273659.978516
1512;24513433.560181
1513;2744696.75
1514;1195887.515625
1515;15638989.0
1516;5082007.4375
1517;2569429.75
1518;30560372.25
1519;7945451.5
1520;6529525.5
1521;8939135.0
1522;11534241.5
1523;20765520.234375
1524;22589545.25
1525;3520252.25
1526;11995788.6875
1527;31859861.8125
1528;6292735.84375
1529;11689357.4375
1530;8778705.3125
1531;2661480.3125
1532;3836481.722657
1533;9644191.0
1534;6782535.0
1535;12727266.0
1536;8037929.0
1537;9087980.8125
1538;10338636.0
1539;7774085.949219
1540;10194055.0
1541;2336143.96875
1542;1784473.875
1543;33422769.625
1544;8243889.5
1545;1303327.5625
1546;6320231.0
1547;4917892.0
1548;2697011.84375
1549;6673595.804565
1550;2786864.75
1551;6846998.375
1552;6524668.5
1553;5981906.0
1554;4507626.0
1555;9191306.0
1556;2627240.0
1557;1599553.25
1558;5822719.25
1559;10934490.65625
1560;13912162.746094
1561;3689431.28125
1562;4879772.1875
1563;2915448.5625
1564;6331909.0
1565;2865307.800781
1566;2654239.1591800004
1567;1596981.591797
1568;1593389.4609369999
1569;3684496.212402
1570;2530586.9375
1571;19595975.757812
1572;628299.3945309999
1573;3315779.932617
1574;2456864.446899
1575;810000.203125
1576;2748328.179688
1577;1225904.551514
1578;3976206.5
1579;21323995.341919
1580;2623385.304611
1581;589589.821045
1582;23399565.770508
1583;981784.46875
1584;353181.234375
1585;3953721.444275
1586;2640234.5625
1587;1317387.058594
1588;7601688.037109
1589;835873.266602
1590;15044586.475531999
1591;4761826.5625
1592;3334338.773437
1593;784329.0625
1594;738538.83252
1595;871015.21875
1596;22435874.890625
1597;1257287.097656
1598;4445391.253906
1599;717647.4804690001
1600;1431088.433594
1601;1887097.515625
1602;1929360.9375
1603;245160.324219
1604;465524.32470699993
1605;10824351.390625
1606;3578275.136719
1607;2344118.597657
1608;2814594.6582029997
1609;2995661.048829
1610;1716093.390625
1611;8254154.885742
1612;2913949.45085
1613;1465687.1500940002
1614;2402756.375
1615;1484964.019532
1616;307985.48632799997
1617;2735575.03125
1618;841926.3552239999
1619;433408.984375
1620;39301949.119629
1621;43072043.4375
1622;12844127.0
1623;4567265.875
1624;9442415.0
1625;9259970.173828
1626;6613361.5
1627;14722592.5
1628;22989862.3125
1629;11718390.0
1630;67438195.246094
1631;26727474.0
1632;6469102.8125
1633;55929600.5
1634;2422888.724609
1635;16896523.6875
1636;22151647.25
1637;6920311.953125
1638;23456536.015625
1639;13281707.0
1640;28817016.34375
1641;8377083.1875
1642;53461306.0979
1643;6770934.0
1644;79625354.65625
1645;28191590.0
1646;5304525.0
1647;3520794.03125
1648;45203772.0
1649;11894426.5
1650;78165724.0
1651;20483168.0
1652;14691792.0
1653;14433191.125
1654;97675336.0
1655;14991283.0625
1656;4943271.5
1657;2375507.25
1658;16953690.0
1659;59507652.0
1660;3438271.46875
1661;135620242.75
1662;7582843.375
1663;2097490.75
1664;12970610.0
1665;33674440.0
1666;9664207.0
1667;29144100.251953
1668;17653529.5
1669;54912597.25
1670;13693526.890625
1671;44835974.0
1672;2983479.3125
1673;18502478.0
1674;25620222.0
1675;17835928.0
1676;275986664.0
1677;6050682.5625
1678;23450736.546875
1679;4634378.0
1680;12620796.5625
1681;8686968.494141
1682;8696208.765625
1683;11558342.625
1684;26505244.5
1685;42726710.625
1686;6194900.5
1687;26427195.53125
1688;34020787.0
1689;9662073.5
1690;38584366.300781
1691;3707177.0
1692;14252161.0
1693;6488349.0
1694;4392462.5
1695;11070479.0
1696;42159223.328125
1697;30333314.0
1698;27376822.3125
1699;11517793.0
1700;18742069.0
1701;42656185.65332
1702;9170517.0
1703;20561245.0
1704;13129551.901855
1705;24830376.8125
1706;27030880.6875
1707;5010539.0
1708;10308813.015625
1709;1263373.546875
1710;61378904.25
1711;13227711.0
1712;24397576.0
1713;4014710.0
1714;245252141.0
1715;22857435.078125
1716;5372672.0
1717;14358150.5
1718;33004550.0
1719;14461497.25
1720;5846966.769531
1721;1181195.0703119999
1722;5096929.867188
1723;2216863.125
1724;548044.799256
1725;1140212.31543
1726;21812671.5
1727;3032357.171875
1728;1680606.34375
1729;43834646.375
1730;2714932.5
1731;2808207.933594
1732;1816499.512695
1733;1250478.703125
1734;980938.703125
1735;2062757.654297
1736;1571337.5
1737;15578963.460938
1738;1367876.234375
1739;851349.953125
1740;1622595.5
1741;1511251.546875
1742;1841957.984375
1743;2953421.125
1744;1455784.3125
1745;4185798.25
1746;2668654.75
1747;1859976.5859380001
1748;2479735.421875
1749;4316454.296875
1750;8543102.625
1751;3073864.125
1752;1835468.941406
1753;1102166.044922
1754;4158765.625
1755;2060170.546875
1756;1248603.271851
1757;7387492.347656
1758;3908427.570312
1759;2892814.5
1760;2849102.6875
1761;1412042.5
1762;2533846.953125
1763;1059777.09375
1764;774001.7390139999
1765;505276.265625
1766;7720523.140625
1767;7618007.625
1768;1535039.8125
1769;3276357.75
1770;2286040.1875
1771;7525496.335937
1772;5545029.5
1773;15541049.71875
1774;10660382.0
1775;4108200.964417
1776;179506.625733
1777;338517.375
1778;3901544.25
1779;13434108.0
1780;301576.03125
1781;3509276.605468
1782;3866598.25
1783;1409622.578125
1784;3929873.0625
1785;1155359.125
1786;4826799.758789
1787;1837657.3046880001
1788;2436610.49707
1789;3816224.773438
1790;5587412.5
1791;4258028.5625
1792;9336059.25
1793;4706929.15625
1794;3812902.53125
1795;13362997.75
1796;142252830.671875
1797;3012094.625
1798;5709388.1875
1799;835197.3125
1800;7251260.298828
1801;2723898.125
1802;909239.65625
1803;1477519.75
1804;3183812.0
1805;1396469.8359380001
1806;2486334.25
1807;276352.078125
1808;957138.90625
1809;1456238.6875
1810;805246.5
1811;9731941.0
1812;989686.1875
1813;1203977.75
1814;18311418.0
1815;5035308.679688
1816;313669.90625
1817;1569271.5625
1818;6021901.0
1819;2700321.25
1820;512244.140625
1821;3882747.875
1822;2461244.0
1823;2875441.75
1824;1345742.8671880001
1825;4170613.853516
1826;2925648.1875
1827;450643.21875
1828;81933187.25
1829;376722.008179
1830;11111507.3125
1831;306918.273438
1832;12135072.0
1833;216460.896484
1834;3505751.3125
1835;1845493.84375
1836;1813179.816406
1837;3388095.8125
1838;2544318.9375
1839;7065347.90625
1840;1849328.75
1841;1474034.171875
1842;3540985.734375
1843;3535047.890625
1844;13394652.5
1845;2887518.5
1846;3912681.875
1847;3837501.5625
1848;833586.8945320001
1849;6139897.25
1850;10708011.0
1851;2286070.671875
1852;583456.125
1853;5227672.25
1854;1545382.25
1855;2905911.375
1856;9247979.0
1857;42111616.5
1858;2769031.25
1859;339554.300781
1860;2489222.5
1861;2044010.40625
1862;1848637.75
1863;842117.4375
1864;8620958.25
1865;3778959.375
1866;6444580.5
1867;15456381.0
1868;14284124.96875
1869;18824998.0
1870;7680530.6875
1871;23827158.0
1872;76037562.5
1873;32542224.0625
1874;61046892.0
1875;20912968.583008
1876;10334130.234375
1877;67593125.5
1878;223120528.0
1879;105852900.625
1880;106755440.718018
1881;37246660.0
1882;37887994.03125
1883;146247008.0
1884;75438294.949219
1885;100187888.0
1886;39284431.625
1887;87477265.0
1888;183068447.375
1889;163985888.0
1890;127703936.750488
1891;128741364.0
1892;92415450.0
1893;19769114.0
1894;84910061.3125
1895;33477598.0
1896;105324940.8125
1897;28230415.0
1898;103830742.625
1899;807945.7478220001
1900;10510599.972717
1901;4205152.58667
1902;3263155.4277339997
1903;9325134.890625
1904;518180.492462
1905;54039631.671875
1906;9566259.382812
1907;5531684.473631999
1908;913731.070312
1909;272572.602539
1910;1275466.385742
1911;11704258.630859
1912;4687719.998046
1913;5178851.0
1914;4366797.421875
1915;7836990.875
1916;1055491.326904
1917;46359747.659058
1918;2245216.492188
1919;6482075.732086
1920;3923214.648437
1921;25038728.470703
1922;3291811.569824
1923;21832874.867188
1924;5777682.5625
1925;2822273.460937
1926;29433488.169922
1927;5528370.280273
1928;2543450.291016
1929;926857.472656
1930;11524058.621094
1931;12579031.0
1932;6431018.2053229995
1933;436789432.70044
1934;12531417.0
1935;9558903.030273
1936;378636.033936
1937;1455469.25
1938;4288451.699217999
1939;1461450.031189
1940;1653950.76648
1941;12020668.0625
1942;1681325.313477
1943;11994974.916015001
1944;1245500.421875
1945;2840111.43457
1946;105814872.062379
1947;3156150.141847
1948;88266168.921875
1949;13053445.75
1950;106799800.0
1951;54927596.0
1952;13802366.5
1953;26319247.037109
1954;15791359.265625
1955;19770422.765625
1956;22624695.0
1957;39198049.8125
1958;23519779.1875
1959;22493717.5
1960;16307373.5
1961;81152015.661133
1962;222976480.625
1963;11564484.5
1964;12251142.205078
1965;15912882.5
1966;20274156.0
1967;19465466.75
1968;2921220.414062
1969;17812580.359375
1970;29507030.125
1971;226094752.0
1972;8385717.790741
1973;18057232.0
1974;17324185.359375
1975;154114472.0
1976;15348715.0
1977;245597664.0
1978;291815200.0
1979;53152577.328125
1980;58418061.099609
1981;93581521.0
1982;112622345.4375
1983;12238449.660156
1984;16727792.4375
1985;31798364.0
1986;31464886.9375
1987;24964425.0
1988;204504464.0
1989;38391522.0
1990;57128180.0
1991;65321116.0
1992;11273351.634766
1993;311504399.0
1994;25199386.75
1995;21279681.75
1996;41233696.0
1997;10654113.5
1998;60150479.75
1999;27961932.9375
2000;5588022.5
2001;15010207.09668
2002;22547921.402344
2003;53187783.0
2004;199402901.738281
2005;14940707.0
2006;24239857.0
2007;18773790.921875
2008;17613426.25
2009;7991735.0
2010;30656521.0
2011;10372739.492188
2012;19819738.0
2013;39120709.0
2014;14754234.125
2015;19370716.125
2016;18204626.75
2017;14736542.125
2018;98388426.5
2019;48173340.294189
2020;15178835.5
2021;14451857.0
2022;16737942.0
2023;40884156.0
2024;29479836.0
2025;8834641.0
2026;12550977.03125
2027;335676662.0
2028;21413840.0
2029;13976472.0
2030;49180860.0
2031;25588012.265625
2032;35387972.0
2033;291639984.0
2034;17754323.625
2035;11539746.25
2036;8969883.0
2037;32922910.0
2038;52713707.0
2039;13385111.890625
2040;6961848.6875
2041;12084111.46875
2042;11589360.248047
2043;16403800.0
2044;18261555.0
2045;202669068.0
2046;28532286.0
2047;4721934.668945
2048;19239848.453125
2049;8873627.0
2050;21216262.0
2051;18474099.5
2052;19495336.0
2053;45684464.0
2054;60729037.5
2055;89083606.0
2056;109431177.71875
2057;13018828.375
2058;5045102.0625
2059;19062550.25
2060;55440350.0
2061;6137195.0
2062;68310067.0
2063;38277976.0
2064;14811873.0
2065;19042037.15625
2066;6570421.625
2067;166466171.5
2068;27153490.0
2069;10227685.296875
2070;4080469.25
2071;15100356.0
2072;7062770.5
2073;15571691.5625
2074;9011154.0
2075;9689590.75
2076;42386497.0
2077;13852955.5
2078;15749034.0
2079;38090316.0
2080;22466275.25
2081;18717966.25
2082;19236033.5625
2083;18955144.0
2084;21506269.0
2085;107397590.594727
2086;149391065.0
2087;64980932.0
2088;31005772.644531
2089;18165352.648438
2090;10852438.0
2091;2856434.75
2092;1891372.25293
2093;8971045.0
2094;41880295.625
2095;15483631.5
2096;38769442.0
2097;64556905.375
2098;19206356.0
2099;5735288.125
2100;2036848.657471
2101;3316559.78125
2102;1824203.0410159999
2103;7054546.792969
2104;3188470.8125
2105;12343670.71875
2106;4105407.25
2107;7075436.523438
2108;16414384.25
2109;4988858.226562
2110;11700506.828125
2111;1519081.625
2112;26856769.40625
2113;33623859.40625
2114;718827.425782
2115;15004529.875
2116;1645388.0214840001
2117;8617372.15625
2118;64073948.5
2119;13136711.5
2120;1786824.207031
2121;1768509.4609380001
2122;13529156.5
2123;1786125.369629
2124;17631428.0
2125;2062623.472656
2126;8146865.6875
2127;890415.375
2128;1458907.033691
2129;4145414.108398
2130;3438995.676758
2131;8143178.71875
2132;1641319.63501
2133;2999228.6875
2134;14143879.448731
2135;5019331.443115
2136;3070135.859375
2137;3269434.908203
2138;15217759.5
2139;10386348.171875
2140;9336081.53125
2141;3177161.0
2142;5779443.5
2143;6364482.180664
2144;2659701.875
2145;9840561.3125
2146;22377266.0
2147;4213248.8125
2148;12112112.976562
2149;12911465.0
2150;3720679.375
2151;3065224.03125
2152;2541145.765625
2153;220550896.0
2154;9171310.625
2155;11065714.723633
2156;8910722.160156
2157;13670987.25
2158;10507871.0
2159;17082427.671875
2160;2855600.470703
2161;3645110.0
2162;20094486.3125
2163;1601534.125
2164;26339482.0
2165;6581774.25
2166;10433933.25
2167;11469763.0
2168;4958152.46875
2169;2750870.53125
2170;170193638.125
2171;19250197.0
2172;15473139.238281
2173;3148705.455323
2174;4231808.822265999
2175;6982585.125
2176;5123648.706787
2177;15472378.3125
2178;69783367.609634
2179;9070910.6875
2180;11940646.679474
2181;5908903.162109
2182;8692300.925781
2183;5176618.277344
2184;37656349.734375
2185;22882490.257813003
2186;839288.3857420001
2187;2039404.3889169998
2188;2903859.611237
2189;5727343.90625
2190;36819224.946289
2191;4659397.375
2192;14280237.618164
2193;18664188.96875
2194;11358074.640625
2195;63060060.422119
2196;2563803.558594
2197;26842964.21875
2198;8882499.743652001
2199;4775179.0
2200;58413158.875
2201;125133464.359375
2202;13716433.0
2203;994233.432922
2204;9162844.75
2205;19239177.9375
2206;7606392.998047
2207;6583601.3125
2208;490886.779297
2209;86631503.375
2210;2872508.371094
2211;19793525.0
2212;34755715.0
2213;323888800.0
2214;20183428.53125
2215;49628015.75
2216;163016224.0
2217;22628427.804688
2218;125262988.0
2219;38030897.461617
2220;18088909.93457
2221;54717358.0
2222;20825067.625
2223;2123236.90625
2224;24607594.0
2225;152017052.5
2226;39616454.25
2227;12763909.0
2228;12666188.03125
2229;21524030.0
2230;40137320.5
2231;78256954.5
2232;31068152.210938
2233;78917212.25
2234;116304552.0
2235;11544931.168457
2236;76666498.84375
2237;39737920.25
2238;2477163.082032
2239;57354172.0
2240;6554557.0
2241;11537815.78125
2242;17163421.0
2243;24024704.875
2244;13996757.5625
2245;9858295.625
2246;41229145.377502
2247;68437624.0
2248;99716938.5
2249;160163920.0
2250;102599042.0
2251;26970407.8125
2252;34199524.125
2253;13246521.012451
2254;40642718.0
2255;232905712.0
2256;16278042.0625
2257;6829960.039062
2258;48266743.4375
2259;86294154.0
2260;29482056.890625
2261;14518870.8125
2262;268749005.125
2263;14329829.0
2264;6052925.125
2265;50482024.0
2266;3540926.375
2267;14533049.0
2268;26767540.25
2269;14814610.5
2270;13458770.0
2271;12952599.0
2272;18793296.0
2273;109682002.0
2274;10533225.0
2275;17623669.0625
2276;12725258.021484
2277;60427955.34375
2278;115666615.4375
2279;7761618.346878
2280;33747494.75
2281;17680020.0
2282;115194391.75
2283;31191503.0
2284;7822112.5
2285;47385270.53125
2286;2039447.62085
2287;58656620.0
2288;31009946.0
2289;40978925.5
2290;2528930.488281
2291;5113811.205322
2292;12737015.25
2293;5136338.625
2294;14490213.568604
2295;9577384.59375
2296;10685918.0625
2297;83827536.3125
2298;6595751.78125
2299;18125759.057617
2300;7287858.875
2301;25658379.0
2302;7391444.756226
2303;7157667.375
2304;37306718.0
2305;13920949.585938
2306;143012900.0
2307;21529845.0
2308;3598393.5566410003
2309;67892735.931641
2310;4364872.5
2311;16861883.25
2312;5259650.0
2313;21520001.625
2314;20351280.0
2315;63551029.6875
2316;3047441.515625
2317;7893762.5
2318;6723161.246094
2319;11634387.0
2320;25674322.191406
2321;25783236.0625
2322;31952931.75
2323;100478354.0
2324;5929472.0
2325;84017249.375
2326;29243345.609375
2327;7618281.0
2328;9452716.169678
2329;65306188.0
2330;1740485.125
2331;6616501.625
2332;350999.362305
2333;2955696.25
2334;11612485.970093
2335;801292.484375
2336;3046708.089844
2337;2712152.5
2338;11112088.125
2339;10450614.773438
2340;4504794.3125
2341;2538225.585938
2342;1120710.2109380001
2343;1081845.875
2344;2519754.5625
2345;4368562.6875
2346;2115177.529297
2347;2931193.25
2348;6702437.117188
2349;1222497.96582
2350;3237378.0
2351;2101248.375
2352;2264807.066406
2353;1252699.25
2354;4178789.8125
2355;2352967.039062
2356;973221.6875
2357;2022385.125
2358;4723872.361328
2359;3055245.875
2360;722794.1875
2361;1729388.375
2362;4475090.25
2363;884863.921875
2364;833677.623047
2365;1106073.641113
2366;523781.838661
2367;3226379.516846
2368;15580352.125
2369;4996146.218094
2370;6916808.5
2371;1397483.874023
2372;3108191.5
2373;8193915.496094
2374;1607916.875
2375;599350.921875
2376;49221166.5625
2377;3858312.203125
2378;1652308.09375
2379;2544056.5
2380;26533974.277343
2381;1512555.922852
2382;1437620.816406
2383;4239691.25
2384;1308670.496583
2385;1220756.3125
2386;3222088.375
2387;1026092.171875
2388;905834.3125
2389;1219042.171875
2390;2306506.125
2391;5201934.3125
2392;6474959.5
2393;2070524.375
2394;7679960.0
2395;579202.9375
2396;23019765.0
2397;16403489.75
2398;3890395.28125
2399;4750243.0
2400;35207094.0
2401;30806404.25
2402;9840684.203125
2403;11099360.5
2404;15795585.3125
2405;9653426.625
2406;4341957.78125
2407;10139699.0
2408;3437311.5
2409;9135175.375
2410;4464742.265625
2411;12129671.0
2412;17930679.0
2413;3100080.0
2414;199702211.445312
2415;3409530.25
2416;5395054.0
2417;15702136.375
2418;11633076.125
2419;11292693.75
2420;6015805.875
2421;12870125.125
2422;6601547.5
2423;15429254.0
2424;23601937.5
2425;10821647.0
2426;3047905.125
2427;6938872.0
2428;21494028.0
2429;2026079.625
2430;8255137.0
2431;112177237.625
2432;5895455.125
2433;2474440.0
2434;11099162.0
2435;7891209.625
2436;6280385.5
2437;15950071.0
2438;5741379.948059
2439;3153791.1875
2440;15919892.5
2441;4480437.486328
2442;119373524.0
2443;3247145.080078
2444;13123680.0
2445;1656372.832031
2446;17178712.0
2447;6748926.4375
2448;13984735.0
2449;7117834.0
2450;6239517.0
2451;30394303.0
2452;3545326.75
2453;5416070.0
2454;6903748.0
2455;18631292.0
2456;3309355.0
2457;14927870.0
2458;10919703.75
2459;44312457.996094
2460;26020158.84375
2461;11677059.621094
2462;5599273.90625
2463;2081985.9375
2464;2231598.521484
2465;5495898.8125
2466;20603216.25
2467;17922512.0
2468;22232964.75
2469;9737347.515625
2470;72719520.0
2471;4146969.625
2472;6586372.0
2473;5660745.265625
2474;46695932.0
2475;45553960.0
2476;3514729.3125
2477;31983397.8125
2478;236977280.0
2479;12571450.472656
2480;2036611.947266
2481;4952893.0
2482;4346364.0
2483;1510375.25
2484;12255513.0
2485;7586696.5
2486;36575544.0
2487;63967216.0
2488;35458468.5625
2489;10892887.0
2490;3626364.5
2491;4691552.957031
2492;3266211.25
2493;2937353.234375
2494;9383040.667969
2495;18639032.0
2496;2443037.663086
2497;513322.335937
2498;2875628.547363
2499;2027620.53125
2500;5865694.09082
2501;6421135.9375
2502;3984013.71875
2503;3060058.617188
2504;204803.070313
2505;4235379.5
2506;51865817.273438
2507;972103.9882809999
2508;51272245.558594
2509;10111717.785164
2510;492780.769531
2511;10024635.125
2512;4309813.0
2513;1292675.59375
2514;1943284.54541
2515;11540263.1875
2516;3065845.457031
2517;24839908.90625
2518;322547457.167969
2519;1886363.78125
2520;29511018.135742
2521;49630666.568848
2522;1465073.1875
2523;767456.625
2524;1488714.136719
2525;4361198.049255
2526;785726.477295
2527;9297932.25
2528;181995201.53125
2529;10754465.747559
2530;12271005.693604
2531;2291079.876953
2532;2587622.125
2533;4821632.6875
2534;3563628.3125
2535;1026767.929688
2536;7207180.5
2537;960635.088867
2538;5130003.0
2539;5463173.375
2540;3149749.0625
2541;575262.25
2542;3840392.029297
2543;3853414.480469
2544;2030688.1875
2545;1487735.375
2546;140873033.8125
2547;960855.480469
2548;497640800.0
2549;1021190.375
2550;1760007.492188
2551;3139897.0
2552;5885216.609375
2553;31079455.75
2554;877772.050781
2555;33725268.0
2556;730836.6875
2557;128011492.0
2558;10343407.5625
2559;355184.40625
2560;4691488.371094
2561;1167067.484375
2562;8850429.90625
2563;3451930.777344
2564;3387325.484375
2565;2240705.367188
2566;105294776.0
2567;6433536.914062
2568;1924381.9492179998
2569;5657030.363892
2570;535007.756348
2571;32455763.5
2572;1478974.277344
2573;6856218.625
2574;5201081.212891
2575;37659372.0
2576;1172742.602539
2577;4279553.84375
2578;24522592.40625
2579;52209503.5
2580;5644705.5
2581;1010861.375
2582;4813478.75
2583;15300288.0
2584;8406848.75
2585;1631005.082031
2586;91210796.0
2587;1025375.070679
2588;7616429.75
2589;1478782.453125
2590;2362290.824219
2591;2980578.109375
2592;10601674.299805
2593;11460662.375
2594;8439059.964111
2595;16636469.875
2596;4701732.703125
2597;17841199.368042
2598;650630.171875
2599;6446269.928711
2600;29439895.048828
2601;37333416.0
2602;513369.485564
2603;3862579.0
2604;63193727.890625
2605;866656.7124030001
2606;741163.765625
2607;27503506.625
2608;2604379.21875
2609;3525514.25
2610;8498824.242188
2611;5849838.044922
2612;8983422.5
2613;147842.777344
2614;124398.714844
2615;3904473.0
2616;1484696.734375
2617;624310.785156
2618;9928561.25
2619;3032420.991699
2620;329798.99804700003
2621;21720914.664063
2622;884855.6875
2623;4240635.375
2624;3732961.0625
2625;3321643.859375
2626;35205.383736
2627;2778813.125
2628;6692384.75
2629;917450.25
2630;5816280.117188
2631;5784279.0
2632;4027024.0
2633;12252602.0
2634;1107277.65625
2635;9343669.5625
2636;54256092.0
2637;1218873.3125
2638;1005638.195312
2639;1950454.5
2640;7394595.34375
2641;6901927.5
2642;78791220.878418
2643;1829846.484375
2644;6069105.53125
2645;46973469.0
2646;431403.40625
2647;2275264.25
2648;4057114.25
2649;4290677.0
2650;1876163.59375
2651;1262406.5625
2652;5486922.5
2653;5115343.135132
2654;388147.863281
2655;15404873.75
2656;2701580.625
2657;4499744.546875
2658;62526102.38147
2659;11484524.267212
2660;2839344.0
2661;1116983.452148
2662;527881.75
2663;28642031.5
2664;882364.3945309999
2665;12918910.0
2666;19810244.820312
2667;456128.878418
2668;3286425.427734
2669;7238852.1875
2670;2665572.25
2671;6213374.5
2672;9634035.5
2673;23636446.0
2674;1850918.189453
2675;23418354.0
2676;19806634.0
2677;17942766.0
2678;1270070.15625
2679;2231028.0625
2680;1463679.0625
2681;692937.429688
2682;1985966.875
2683;11210510.0
2684;1192030.4375
2685;3077245.699585
2686;4600880.0
2687;660268248.0
2688;300929.519531
2689;3545484.740784
2690;420670.273315
2691;2805942.5625
2692;1036339.390625
2693;3116725.25
2694;2468364.921875
2695;864961.3398440001
2696;412125.5625
2697;2955172.0
2698;44575622.0
2699;1010708.5625
2700;10497200.125
2701;5337931.242188
2702;1794619.375
2703;1251913.179444
2704;4021028.75
2705;2160218.0
2706;2171271.75
2707;8734918.0
2708;24519817.5
2709;2651892.509766
2710;23972059.996094
2711;453369.543274
2712;408989.22052000003
2713;374775168.0
2714;2548219.0
2715;8040415.542969
2716;220075048.211914
2717;4291779.5625
2718;530823.243164
2719;818338.4197379999
2720;7586541.5
2721;5554282.00293
2722;4597843.5
2723;13841773.578125
2724;6831231.679688
2725;9935788.75
2726;37689673.985077
2727;34300528.0
2728;2135462.375
2729;14599769.65625
2730;3450365.228516
2731;7761868.189453
2732;1579020.0
2733;8688796.625
2734;1393785.5234380001
2735;79443832.0
2736;8268335.0
2737;9594874.0
2738;7833212.53125
2739;7224431.5
2740;2446056.0
2741;1889482.441406
2742;6169132.375
2743;1665212.4453130001
2744;1469483.21875
2745;16720585.873047
2746;2314427.727539
2747;22358594.274719
2748;4990916.220703
2749;61379592.0
2750;413511.895691
2751;4158049.878113
2752;3058463.371792
2753;1758377.2111819999
2754;2456009.580078
2755;2596780.819627
2756;2532549.324219
2757;4617279.479005001
2758;2632920.157959
2759;564215.3632809999
2760;1202049.761597
2761;12289114.567138001
2762;5632597.882812
2763;3099695.828125
2764;219222419.015625
2765;6365925.5625
2766;13427967.580078
2767;20044297.1875
2768;6551050.510505
2769;91578111.800781
2770;6357292.011718
2771;49118697.699219
2772;879248.507812
2773;29774219.660507
2774;23091977.875
2775;10230447.625
2776;8771670.375
2777;3449340.5
2778;3481573.9375
2779;4447724.0
2780;36868504.0
2781;25340219.46875
2782;26412138.0
2783;2191712.78125
2784;21773700.5
2785;1897772.0
2786;5502413.5
2787;5454990.0
2788;4054312.25
2789;1947923.464478
2790;9613722.0
2791;4254078.0
2792;1919873.75
2793;75391288.0
2794;11077817.0
2795;840379.0
2796;1258940.15625
2797;4905590.0
2798;6323853.5
2799;4692824.0
2800;9039892.0
2801;14694377.859375
2802;12112327.6875
2803;55545576.0
2804;4133681.1875
2805;2656148.5
2806;2574340.5
2807;17098000.0
2808;3633597.031281
2809;7239611.0
2810;1938620.320312
2811;3536058.5
2812;7182109.0
2813;247272225.75
2814;20475584.0
2815;18098103.9375
2816;4091771.125
2817;20007094.054688
2818;2666513.25
2819;5641364.3125
2820;3303831.0
2821;3930931.5
2822;4697667.375
2823;8476674.25
2824;6466960.0625
2825;2463066.75
2826;5051939.578125
2827;1271537.75
2828;76200448.0
2829;13219833.40625
2830;29435942.0
2831;11870782.0
2832;28661332.625
2833;5359568.5
2834;17174562.0
2835;11511061.0
2836;21121181.5
2837;1750638.200806
2838;7094972.5
2839;3904582.0
2840;3611554.25
2841;80750682.0
2842;6771915.1875
2843;8158547.28125
2844;3447874.085938
2845;1995205.5
2846;21948962.0
2847;4020330.75
2848;12164287.75
2849;3767813.75
2850;19443382.955566
2851;2383583.25
2852;4797350.5
2853;8027071.125
2854;2448754.1875
2855;3465340.25
2856;1476049.382812
2857;50103872.0
2858;4393439.0625
2859;5726670.4375
2860;41881848.0
2861;4317147.75
2862;4455394.25
2863;9129003.0
2864;7842402.625
2865;9067501.0
2866;5395938.5
2867;10566059.0
2868;5377686.75
2869;5841011.0
2870;2373366.25
2871;22559022.0
2872;19590256.667969
2873;11072994.0
2874;79951278.234375
2875;8073959.53125
2876;62652582.4375
2877;3467617.25
2878;30593391.0
2879;47204032.445312
2880;2269106.5625
2881;6570966.5
2882;5642363.921875
2883;6869560.625
2884;8403884.0
2885;29230627.328308
2886;9907984.75
2887;13517495.75
2888;23742787.957031
2889;28411635.0
2890;2335625.5
2891;3432086.5
2892;6895869.5
2893;11856555.0
2894;92088464.0
2895;15527543.0
2896;8360596.0
2897;10787072.0
2898;4335389.0
2899;5430718.71875
2900;9523974.0
2901;6955334.25
2902;9314139.0
2903;18082060.0
2904;11178350.0
2905;11425309.5
2906;8642844.820312
2907;33688425.348633
2908;1547297.5
2909;11574052.042969
2910;2085537.397308
2911;7272802.0
2912;8354308.0
2913;7893353.0
2914;17276272.125
2915;15850046.0
2916;14148405.0
2917;16617468.0
2918;5647868.3125
2919;5656091.738098
2920;42372299.988281
2921;21029579.710938
2922;14447916.46875
2923;1669591.390625
2924;64324638.0
2925;21922594.0
2926;9013796.560547
2927;1953890.608887
2928;17435757.75
2929;1090301.375
2930;26494601.145751998
2931;15415846.28125
2932;15489799.0
2933;7232136.773438
2934;6154269.535156
2935;354186493.8125
2936;44428371.625
2937;12505683.32988
2938;19134899.5
2939;4680438.0
2940;10298941.867188
2941;10260735.285404
2942;5385801.846561
2943;3614986.070312
2944;138341384.3125
2945;3315437.96875
2946;26803943.46875
2947;2573199.957031
2948;114122148.361328
2949;102047259.875
2950;10732985.539063
2951;45998345.565003
2952;41642489.232422
2953;1123615.375
2954;12710927.921143
2955;15524465.0
2956;55590417.722313
2957;7924652.208496
2958;5207614.28125
2959;7729603.081787
2960;6626608.5
2961;17963284.0
2962;87091627.964844
2963;5757793.75
2964;17326292.0
2965;23553328.5
2966;16912107.1875
2967;22047134.875
2968;7986013.734375
2969;142271253.375
2970;36629035.375
2971;12175925.595703
2972;14936525.375
2973;15956037.0
2974;28464304.0
2975;1939394.125
2976;39981838.75
2977;3719171.0
2978;22429796.625
2979;8984341.5
2980;16264177.1875
2981;11222023.75
2982;2405833.908203
2983;8751844.625
2984;30160613.0
2985;10017210.25
2986;44121868.0
2987;10301501.9375
2988;36335318.625
2989;9898299.0
2990;9521851.94751
2991;9587136.117188
2992;50003745.4375
2993;1038907.875
2994;20270740.0
2995;5758561.514404
2996;17011548.9375
2997;216663334.46875
2998;30322018.0
2999;16107477.375
3000;14566190.0
3001;63409437.0
3002;32217170.0
3003;6910756.675781
3004;3391696.5
3005;13215018.0
3006;17475488.0
3007;23082670.0
3008;54583851.320312
3009;7653251.0
3010;51604708.0
3011;6616941.0
3012;18876227.0
3013;39162672.0
3014;26234356.0
3015;25147431.3125
3016;7256273.25
3017;9341906.375
3018;13973913.4375
3019;13414970.0
3020;10401436.75
3021;58527312.0
3022;5453082.98761
3023;133830953.628906
3024;36670668.0
3025;45574388.0
3026;26202868.0
3027;22802722.0
3028;5605472.375
3029;10323240.21875
3030;4467659.0
3031;26139758.75
3032;4671561.5
3033;7264950.5
3034;3233076.0
3035;27109379.5
3036;1526568.175781
3037;1501113.3203119999
3038;1686878.542969
3039;11969330.0
3040;4445384.132812
3041;11169201.304688
3042;1705988.542969
3043;6465050.96875
3044;5735597.875
3045;9726089.5
3046;18801838.0
3047;8410389.0
3048;13958939.0
3049;52693641.0
3050;4352928.3125
3051;4123435.25
3052;8190457.5
3053;4445993.203125
3054;5841243.632812
3055;3761816.5
3056;27569306.0
3057;9865156.0
3058;14974496.0
3059;7060334.5
3060;7836973.1875
3061;4945589.601563
3062;16317600.5
3063;6714707.96875
3064;14192939.625
3065;4270179.635742
3066;2603304.75
3067;3387683.8535160003
3068;10535091.75
3069;14945623.0
3070;2623912.945313
3071;22088186.0
3072;9246748.226562
3073;3312661.25
3074;4111154.25
3075;4602725.5
3076;2951558.679688
3077;2405440.34375
3078;5307490.625
3079;9252185.765625
3080;1831621.0
3081;1413271.375
3082;24242967.0
3083;4673129.375
3084;5761022.705444
3085;7212287.455077
3086;3355405.453125
3087;4136302.70166
3088;3883383.09375
3089;2322634.708985
3090;12198759.841798
3091;8780446.209961
3092;3683998.8125
3093;1239100.09375
3094;2394589.100341
3095;22044118.109375
3096;5253382.589722
3097;17102060.210938
3098;863872.9179690001
3099;8949586.074219
3100;3556113.4375
3101;7942843.500732
3102;2605880.6114809997
3103;10310478.858398002
3104;5436194.481173
3105;5277704.421875
3106;2356868.513672
3107;1832267.4140619999
