zone;sum
-9999;0.0
0;422.256904
1;84634.016601
2;934205.21875
3;683340.1835940001
4;418395.375
5;0.0
6;336245.5
7;821047.992187
8;292254.53125
9;0.0
10;399429.710938
11;511336.9375
12;180288.284546
13;0.0
14;1068922.589844
15;799513.1875
16;1734681.453125
17;509842.515625
18;1498020.625
19;670177.617188
20;215407.890625
21;541438.75
22;757706.9375
23;484201.28125
24;661691.75
25;1000502.693359
26;2053729.625
27;282106.34375
28;1620255.75
29;1162606.5
30;367663.296875
31;383508.34375
32;25647.170899
33;1246702.171875
34;378881.339843
35;482402.8125
36;1397043.0
37;1690710.648438
38;9023080.75
39;1043376.375
40;821520.1875
41;688684.78125
42;854037.28125
43;356755.15625
44;435908.04541099997
45;4431944.9375
46;461383.0625
47;1001060.3125
48;1937003.3125
49;1280051.6875
50;383366.09375
51;1456032.625
52;359658.28125
53;2542754.75
54;1003895.5
55;100139.210938
56;1018660.625
57;568426.15625
58;684242.0
59;1558799.2734369999
60;3120390.9375
61;593473.6875
62;2815972.96875
63;561661.6875
64;2212681.6875
65;1019176.546875
66;2072508.171875
67;400744.410156
68;657375.9375
69;498897.644531
70;1156570.8828119999
71;637717.3125
72;1194237.125
73;615540.5625
74;667973.125
75;1292723.5
76;0.0
77;1918553.0
78;1392667.584961
79;894407.71875
80;834347.291016
81;21844.839844
82;427214.070312
83;1250728.1015619999
84;467027.8125
85;398202.8125
86;1192395.375
87;711335.09375
88;219789.734375
89;1092928.875
90;777629.28125
91;386680.15625
92;433572.53125
93;244122.21875
94;763331.078125
95;471481.78125
96;0.0
97;1549158.847656
98;859215.414062
99;848574.0625
100;1036487.46875
101;735205.28125
102;835422.149414
103;2842318.9140640004
104;478261.65625
105;235841.109375
106;321751.8125
107;713705.0625
108;0.0
109;312157.742188
110;1624384.683594
111;1058952.625
112;0.0
113;666884.566406
114;1195310.9609380001
115;442476.640625
116;1805325.9375
117;11507.05957
118;347054.3125
119;2952.831299
120;1269834.8125
121;49131.806640999996
122;610996.28125
123;1084379.6640619999
124;1116469.28125
125;694791.8125
126;77063.65625
127;4102893.0
128;644632.3802799999
129;59327.257812
130;0.0
131;980524.25
132;401081.25
133;326022.03125
134;1051008.265625
135;552991.8125
136;0.0
137;1058255.375
138;1018127.6875
139;645.805542
140;726584.59375
141;1116042.46875
142;695019.8125
143;317877.90625
144;2763900.796875
145;3594435.33844
146;6436436.28125
147;1642826.421875
148;885865.421875
149;840824.4161990001
150;1381495.0
151;8712620.191406
152;3012520.402344
153;3025990.875
154;3828932.015503
155;4716639.4375
156;736118.0
157;4221117.203125
158;3360279.40625
159;14980134.1875
160;326357.0625
161;0.0
162;2349819.703125
163;0.0
164;600315.429688
165;9025205.875
166;0.0
167;103419.388245
168;4894673.535156
169;751258.3125
170;613343.8125
171;4294371.726562
172;28428.399887
173;8680681.121094
174;1741976.71875
175;0.0
176;28309233.939453
177;2880728.34375
178;3047473.0625
179;1980167.0
180;1232062.428711
181;1539559.794922
182;392466.21875
183;8161.151367
184;892.779602
185;2381981.914062
186;785264.59375
187;783174.890625
188;3553748.0
189;4270300.28125
190;3183790.421875
191;5416296.233154
192;21469656.232544
193;2782892.078125
194;3938084.875
195;5396900.910156
196;131958.359375
197;5472442.5
198;1919471.8671880001
199;225059.6875
200;6758859.84961
201;3346006.4375
202;4191019.40625
203;4137984.850586
204;2284814.351562
205;1405828.595703
206;1586254.234375
207;3052539.250488
208;513910.09375
209;947275.46875
210;1076959.53125
211;3074904.625
212;504671.1875
213;79828.367188
214;2171266.875
215;1732244.5
216;962582.9375
217;1126962.199219
218;8835.684325999999
219;3505246.5
220;607880.0664059999
221;1682914.03125
222;1216243.982422
223;1358076.59375
224;108774.25
225;219054.205078
226;1190551.75
227;107855.84375
228;662132.5
229;563766.203125
230;559732.375
231;0.0
232;3543071.25
233;0.0
234;1246390.625
235;1509557.5625
236;1861578.164062
237;513417.0625
238;1851889.523438
239;1034085.390625
240;1481051.875
241;527993.0625
242;1830418.375
243;98583.219238
244;0.0
245;1390199.8125
246;1195.52771
247;1305157.0
248;1539038.375
249;1099888.8125
250;233637.136719
251;1299796.875
252;388320.19043
253;2139862.0
254;1926578.703125
255;2601685.25
256;2459848.3125
257;992482.09375
258;290893.0625
259;1178086.507812
260;276546.40625
261;0.0
262;1595774.1484380001
263;4121.04248
264;3678.0770869999997
265;642812.6875
266;40013.713623
267;796429.0
268;5439371.5
269;199040.324219
270;973224.570312
271;2104027.25
272;690618.125
273;18453.450699
274;100419.414062
275;326.053009
276;10960.469727
277;18239.798828000003
278;770066.4414059999
279;4154683.0
280;797177.5625
281;2725360.5625
282;2519306.5625
283;1230701.25
284;974125.25
285;3113988.375
286;2098439.5
287;436560.511719
288;903886.65625
289;12371037.0
290;877456.25
291;3894365.5
292;1582174.964844
293;1650645.25
294;835493.3125
295;2061361.125
296;674103.4375
297;1660621.8125
298;1040718.5
299;0.0
300;424154.09375
301;325087.375
302;31292.183594
303;736011.25
304;884279.65625
305;8669842.0
306;437076.375
307;603.2768249999999
308;5802207.34375
309;2365470.75
310;397633.5
311;575671.109375
312;1309604.214844
313;6115.059082
314;570600.0625
315;384710.90625
316;487540.46875
317;360360.953125
318;1421132.625
319;4676935.5
320;672553.929687
321;433442.8125
322;646147.625
323;392299.96875
324;1305801.125
325;323460.203125
326;793373.8125
327;255.171921
328;659080.125
329;497122.375
330;696333.0625
331;331416.648438
332;1054863.0
333;1503577.546875
334;827757.320313
335;185871.882812
336;1356648.1875
337;1573871.59375
338;479254.40625
339;510302.53125
340;2562101.196777
341;366642.946335
342;608442.9375
343;4373874.5
344;6104119.0
345;830826.828125
346;1033443.148438
347;732511.34375
348;724319.125
349;718954.6875
350;991973.1875
351;510861.40625
352;300718.3125
353;499830.695312
354;376070.65625
355;444.18814100000003
356;1530527.386719
357;0.0
358;446545.4375
359;240918.484375
360;673413.5625
361;230532.203125
362;805682.71875
363;86766.390625
364;464463.96875
365;1165209.296875
366;390091.5
367;2127652.75
368;266935.9375
369;381964.6875
370;407011.8125
371;814170.3125
372;0.0
373;206995.625
374;1586206.71875
375;318199.070312
376;511081.5625
377;704474.875
378;1132319.59375
379;1603159.0
380;941174.65625
381;609383.534851
382;481773.5
383;553590.2539059999
384;194841.665771
385;486113.53125
386;413367.234375
387;562386.25
388;768146.7773440001
389;3763790.476562
390;1127282.1875
391;652370.0625
392;1035885.5
393;642693.96875
394;130386.92968800002
395;244096.015625
396;864528.0625
397;551567.0664059999
398;185792.53125
399;0.0
400;4160823.5625
401;1134468.625
402;519481.28125
403;745528.664062
404;1519825.09375
405;314594.125
406;648372.8125
407;0.0
408;1138092.6875
409;299067.4375
410;1250014.09375
411;610576.09375
412;385235.65625
413;226753.65625
414;1249930.296875
415;328530.28125
416;0.0
417;236318.210938
418;10568259.0
419;322113.414063
420;343790.5625
421;321296.9375
422;362191.59375
423;821098.125
424;149445.625
425;1331921.375
426;1353586.109375
427;325293.65625
428;449923.097656
429;151361.609375
430;26100.322266
431;1010912.25
432;663757.789062
433;717960.875
434;320149.9375
435;643430.25
436;227804.8125
437;839283.09375
438;631114.573242
439;300399.632812
440;173732.421875
441;508971.34375
442;670516.8125
443;629334.625
444;798958.375
445;0.0
446;427728.5625
447;300613.78125
448;119065.39843800002
449;416186.1875
450;0.0
451;869156.5625
452;1970953.625
453;506073.21875
454;876224.359375
455;380012.96875
456;1155542.53125
457;5037.280395
458;223031.84375
459;409051.480469
460;821509.5
461;767735.867188
462;302088.6875
463;560483.0625
464;296972.90625
465;899747.9375
466;569274.5
467;157836.34375
468;0.0
469;418530.03125
470;411035.75
471;690583.6875
472;0.0
473;0.0
474;1112984.625
475;399439.3125
476;375396.007813
477;278049.1875
478;0.0
479;2106986.5
480;622236.695312
481;178485.5
482;334147.83609
483;548252.5
484;239828.128906
485;737902.3125
486;1185166.875
487;128420.1875
488;244071.796875
489;347849.1875
490;915520.03125
491;199048.4375
492;584386.3125
493;755579.375
494;1324521.640625
495;436029.179688
496;448502.4375
497;383706.759766
498;1166015.875
499;456565.328125
500;196754.1875
501;0.0
502;688450.335938
503;0.0
504;248756.421875
505;334358.0
506;422424.541016
507;2603415.707031
508;995237.4375
509;1215805.375
510;0.0
511;691854.125
512;827740.5
513;315830.808594
514;347627.34375
515;775335.9375
516;157979.046875
517;132894.00683600002
518;1552474.25
519;129658.150146
520;701494.382812
521;553999.78125
522;778481.5
523;225.24433900000002
524;502980.0625
525;916178.3125
526;1852492.8125
527;1029676.929687
528;1107168.125
529;456227.46875
530;628955.0
531;673033.164062
532;747445.84375
533;587005.595703
534;2184332.492188
535;681175.0625
536;1148411.2421880001
537;1590508.0
538;766193.4414059999
539;521691.78125
540;1054366.7734380001
541;1649667.5
542;492113.9375
543;716296.375
544;0.0
545;144500.96875
546;399471.59375
547;2257720.4375
548;1268179.078125
549;1901.1882170000001
550;645497.669922
551;1236896.433594
552;579744.048828
553;495285.53125
554;431052.8125
555;930453.6875
556;541641.5625
557;321.327591
558;1319579.1875
559;529400.125
560;1054901.953125
561;948931.335938
562;333.92868
563;2017983.3125
564;674476.8125
565;236562.859375
566;606011.96875
567;587594.609375
568;660055.5
569;1038133.25
570;0.0
571;940624.0625
572;158855.03125
573;1511876.875
574;1729753.21875
575;2898311.851562
576;392677.531738
577;1057994.492188
578;389319.179688
579;151382.984375
580;774894.625
581;780614.0625
582;978247.664062
583;498399.359375
584;1014630.0625
585;448411.243347
586;1634784.625
587;1083153.375
588;1572338.328125
589;659829.71875
590;378208.0
591;822417.75
592;219319.65625
593;2768063.5625
594;1560900.5
595;1042350.3125
596;3722591.261718
597;848044.0
598;0.0
599;634423.75
600;1628313.75
601;423057.1875
602;1195405.625
603;1493065.3125
604;641477.125
605;0.0
606;725485.625
607;0.0
608;356694.90625
609;2258925.53125
610;1490663.375
611;527696.015625
612;1768851.25
613;1347244.03125
614;269812.518554
615;468193.0
616;974738.078125
617;732698.4375
618;1263086.65625
619;4134.730469
620;778956.0625
621;1672843.4375
622;1869202.0625
623;937632.96875
624;286902.317505
625;2633120.732422
626;2952325.25
627;530606.0625
628;472321.53125
629;1184819.390625
630;672859.986694
631;557343.0
632;0.0
633;1759861.926453
634;1326991.90625
635;791784.125
636;0.0
637;1799618.125
638;485165.28125
639;573712.222717
640;594521.1875
641;707400.195312
642;262668.179688
643;926366.734375
644;794754.328125
645;1951173.0625
646;381977.125
647;941375.1875
648;0.0
649;293908.8125
650;634232.625
651;1049333.375
652;1061916.90625
653;253803.671875
654;434.737335
655;492668.875
656;912697.484375
657;123755.433594
658;374.882202
659;897423.148438
660;409236.367188
661;476004.28125
662;813884.125
663;575367.21875
664;979857.4375
665;468113.03125
666;0.0
667;2645400.269531
668;1212843.0
669;0.0
670;1227308.695312
671;571951.765625
672;1738203.5
673;2928246.375
674;1026195.875
675;49033499.0
676;287038.15625
677;637986.421875
678;538222.03125
679;542240.875
680;1822930.3359380001
681;1407224.0
682;3726321.4375
683;866316.742187
684;1546414.375
685;1194466.75
686;192465.375
687;944645.59375
688;1224293.5
689;1967623.625
690;1636841.25
691;0.0
692;706881.5
693;1837285.0
694;986059.03125
695;1026378.9375
696;0.0
697;654222.4375
698;1454160.4375
699;3586156.0625
700;1497608.84375
701;2746708.71875
702;557097.203125
703;2038380.125
704;291614.480469
705;705005.3125
706;762244.375
707;2709098.6875
708;2539743.773438
709;3306637.160156
710;3917622.40625
711;1031163.9375
712;2225716.78125
713;3668214.5
714;1448770.171875
715;397357.8125
716;725220.8125
717;3620386.125
718;5632013.503906
719;1445.974365
720;1738329.3125
721;1041445.9375
722;723431.6875
723;2554875.375
724;636506.8125
725;1843088.28125
726;1956897.71875
727;734916.890625
728;902057.8007809999
729;1940174.25
730;1366162.421875
731;1760281.03125
732;2959904.75
733;1367045.734375
734;307375.304687
735;3305163.5
736;1174048.171875
737;479715.40625
738;501731.835938
739;1573760.015625
740;2326867.5
741;276912.039063
742;1690475.25
743;99178.765625
744;940833.054688
745;457549.21875
746;6178792.75
747;2964634.75
748;668498.640625
749;385786.21875
750;218285.109375
751;2316557.75
752;783165.650391
753;2833926.46875
754;389741.65625
755;1737799.5
756;416340.144531
757;1147541.643066
758;6576270.0
759;1533462.875
760;482984.21875
761;1018066.5625
762;1317554.0
763;564428.5
764;152963.171875
765;3309476.5
766;462130.78125
767;948357.0625
768;329340.109375
769;433412.673218
770;192167.375
771;970566.265625
772;1495188.4375
773;553346.498047
774;1124161.2265619999
775;449329.0
776;298289.5625
777;379839.976562
778;1660256.71875
779;1129545.25
780;1519111.1875
781;852385.375
782;928769.664062
783;2375788.617188
784;466711.34375
785;406136.875
786;203118.1875
787;516416.34375
788;167699.890625
789;1352413.0
790;1653014.282226
791;1811114.84375
792;317951.320312
793;968119.257812
794;480192.75
795;91395.221558
796;656672.25
797;544488.921875
798;569521.55426
799;952490.726562
800;415925.0
801;567807.421875
802;798906.75
803;971605.84375
804;536809.1875
805;1096018.875
806;1658451.625
807;3937387.75
808;94257.84521500001
809;8580600.34375
810;579493.75
811;1733577.25
812;542869.9375
813;337230.336548
814;886179.625
815;2372863.09375
816;3953537.5
817;535030.415039
818;1705786.6875
819;460001.484375
820;1218928.75
821;0.0
822;138970.078125
823;415533.273438
824;105476.382812
825;169478.3125
826;917842.75
827;211378.769531
828;3582503.5
829;1168883.625
830;939007.25
831;506411.28125
832;522309.84375
833;455054.703125
834;212573.625
835;658174.070312
836;553447.6875
837;1904896.630859
838;769529.671875
839;642996.8125
840;1176978.046875
841;0.0
842;2116206.5
843;552821.5
844;529705.625
845;1790904.0
846;987037.1875
847;2343272.0
848;1205041.375
849;725643.9882809999
850;1222278.625
851;1160961.25
852;758112.0625
853;559057.125
854;129443.015625
855;859269.4375
856;741719.0625
857;505686.796875
858;702879.4375
859;782833.375
860;734735.84375
861;1023458.070312
862;1573253.25
863;2025248.90625
864;173299.296875
865;1410644.75
866;640544.3125
867;1427663.40625
868;1940177.953125
869;0.0
870;132109.375
871;0.0
872;1164837.625
873;1113536.875
874;181176.796875
875;437678.453125
876;884435.210938
877;1848996.171875
878;72307.085938
879;559413.78125
880;613775.8945309999
881;586893.0625
882;678421.53125
883;1365427.0
884;1671441.8828119999
885;912760.8125
886;413058.625
887;0.0
888;683338.789062
889;688021.6875
890;527360.1875
891;737.163452
892;916501.203125
893;160118.1875
894;523573.867188
895;1108925.03125
896;627900.8125
897;1599699.625
898;133354.603516
899;454602.0625
900;2515974.300781
901;819647.53125
902;461395.625
903;1561457.0625
904;549028.9375
905;1819189.25
906;607334.046875
907;500667.78125
908;742576.6875
909;868647.78125
910;779027.8125
911;1162045.78125
912;1028866.03125
913;624810.203125
914;2220524.25
915;1587241.3125
916;1562108.625
917;1319676.125
918;521039.25
919;1681185.6875
920;528313.291992
921;492514.875
922;1062340.75
923;638665.25
924;604156.5
925;574543.875
926;1130083.3515619999
927;597086.875
928;584792.109375
929;772456.0
930;1179354.375
931;1252776.625
932;176782.5
933;1199201.5625
934;1094476.1875
935;400201.90625
936;2899928.632812
937;0.0
938;823600.273438
939;611864.625
940;1468522.1875
941;841668.75
942;220717.273438
943;577760.125
944;3436085.632812
945;731582.59375
946;552330.0
947;2376718.5625
948;540516.8476559999
949;2994701.75
950;800066.8125
951;761651.1875
952;1092735.0
953;659703.9375
954;610826.71875
955;754553.1875
956;493318.75
957;1140151.5
958;444172.609375
959;407448.1875
960;5368834.75
961;0.0
962;0.0
963;343236.925781
964;365016.34375
965;607301.5
966;997000.0
967;472893.15625
968;0.0
969;620292.504639
970;432247.78125
971;1436891.337891
972;349068.601562
973;445184.085938
974;0.0
975;672464.4375
976;516751.3125
977;584971.125
978;210124.21875
979;978794.875
980;944050.671875
981;816620.6875
982;630214.8125
983;0.0
984;12769.355469
985;0.0
986;1735.946472
987;0.0
988;237435.585937
989;228004.953125
990;547045.8125
991;71866.703125
992;0.0
993;513727.125
994;1108065.554688
995;173645.4375
996;1196462.796875
997;295134.3125
998;520207.40625
999;337165.09375
1000;0.0
1001;3666.3454590000006
1002;567646.0
1003;2370061.8125
1004;711627.625
1005;578789.8125
1006;431315.773438
1007;650625.054688
1008;857934.1875
1009;1836768.75
1010;1565438.171875
1011;1821449.46875
1012;454201.09375
1013;399386.37695299997
1014;274271.625
1015;0.0
1016;5075714.03125
1017;387419.3125
1018;356401.257812
1019;1838358.046875
1020;492091.09375
1021;692329.744141
1022;794302.8125
1023;579719.4101559999
1024;1036835.28125
1025;496375.03125
1026;657035.4375
1027;47085.917969
1028;0.0
1029;647997.125
1030;619267.875
1031;191474.515625
1032;275694.63867200003
1033;572450.5625
1034;529415.1875
1035;1061892.75
1036;0.0
1037;10069.373291
1038;0.0
1039;734620.3125
1040;573535.984375
1041;1731003.375
1042;0.0
1043;0.0
1044;0.0
1045;0.0
1046;478249.90625
1047;768653.632812
1048;0.0
1049;1018739.53125
1050;482567.5625
1051;272519.21875
1052;0.0
1053;470243.03125
1054;269979.3125
1055;0.0
1056;3336769.8125
1057;565491.65625
1058;0.0
1059;1307469.375
1060;769255.53125
1061;0.0
1062;659012.4375
1063;0.0
1064;1647.321289
1065;533541.578125
1066;1068768.375
1067;224507.109375
1068;0.0
1069;0.0
1070;0.0
1071;2957.2260739999997
1072;401049.28125
1073;10662.285156
1074;437671.078125
1075;1032401.805908
1076;0.0
1077;304959.09375
1078;821888.375
1079;0.0
1080;0.0
1081;855760.375
1082;1550487.234375
1083;1074465.6328119999
1084;168275.15625
1085;795576.8125
1086;1540828.3125
1087;1003160.882813
1088;1914075.78125
1089;3358340.265625
1090;554171.6875
1091;0.0
1092;3869829.34375
1093;0.0
1094;0.0
1095;489732.53125
1096;1397469.375
1097;2322780.941407
1098;73563.914062
1099;171371.875
1100;597364.5625
1101;0.0
1102;1516351.484375
1103;788302.875
1104;1425062.810547
1105;273213.21875
1106;892849.5
1107;2514420.5625
1108;252167.765625
1109;543507.9375
1110;667635.3125
1111;472409.46875
1112;603371.953125
1113;863593.6875
1114;1154262.65625
1115;1266612.71875
1116;3141747.8125
1117;1990057.222656
1118;482751.59375
1119;2431212.5
1120;3069796.848633
1121;1028307.125
1122;527496.871094
1123;814406.96875
1124;2085375.625
1125;375467.625
1126;0.0
1127;1210768.0
1128;1614433.53125
1129;1143805.25
1130;1271012.0
1131;185861.703125
1132;684509.271301
1133;1139331.546875
1134;0.0
1135;289883.21875
1136;138207.609375
1137;180314.648438
1138;880388.875
1139;1617958.5625
1140;0.0
1141;107498.22656199998
1142;641747.5625
1143;395877.8125
1144;1765394.0
1145;717602.143677
1146;2117270.015625
1147;1612519.074219
1148;0.0
1149;1660811.3828119999
1150;2100348.914062
1151;2586749.2156060003
1152;808766.65625
1153;6570320.181640999
1154;0.0
1155;2728727.875
1156;1532723.5
1157;6811327.5
1158;5244643.5
1159;2300366.53125
1160;1109021.75
1161;10152773.75
1162;1471166.6875
1163;746856.5
1164;1249.0821529999998
1165;168760.09375
1166;1259925.6328130001
1167;458763.15625
1168;1882540.953125
1169;1102983.625
1170;1251504.375
1171;690066.0820309999
1172;438684.59375
1173;6223313.546875
1174;6290933.0
1175;389378.973419
1176;0.0
1177;335155.640625
1178;12276.107422
1179;1894233.265625
1180;340197.3125
1181;498478.328125
1182;1134008.019531
1183;5904423.959961
1184;1851120.796875
1185;434845.953125
1186;473248.84375
1187;1406017.0
1188;280668.1875
1189;558490.1875
1190;1195922.875
1191;4298834.917968
1192;1902571.386719
1193;574446.871094
1194;1412365.169922
1195;1020885.25
1196;833643.405334
1197;815265.867188
1198;418122.75
1199;439547.114044
1200;1095668.324219
1201;342884.375
1202;418676.492188
1203;656952.5
1204;798006.75
1205;274976.667969
1206;0.0
1207;1560450.078125
1208;49471.921875
1209;1246878.25
1210;495085.375
1211;528753.5
1212;191902.78125
1213;1138176.998047
1214;830823.5
1215;1541356.125
1216;214715.355469
1217;1882.2868649999998
1218;1864720.5625
1219;1103195.875
1220;1335983.7109369999
1221;112427.75781199998
1222;2339396.75
1223;0.0
1224;944639.9023440001
1225;99923.559448
1226;1080009.286621
1227;597854.5
1228;133035.09375
1229;966056.296875
1230;473094.808594
1231;733486.976562
1232;1487236.132812
1233;219933.734375
1234;589256.6875
1235;1056473.125
1236;2064029.0
1237;383443.375
1238;2422679.5
1239;0.0
1240;242.57084700000001
1241;1015071.804688
1242;281173.621094
1243;1355425.578125
1244;649100.796875
1245;655188.96875
1246;1087362.75
1247;10715.520508
1248;547735.375
1249;279064.1875
1250;750665.085938
1251;841894.039062
1252;1228815.8125
1253;752643.0625
1254;3566611.75
1255;1967376.242775
1256;0.0
1257;1875.986206
1258;147289.75
1259;806012.890625
1260;0.0
1261;2014782.265625
1262;176417.640625
1263;311628.078125
1264;216205.655029
1265;0.0
1266;330977.75
1267;1211521.8125
1268;157.513519
1269;269899.539062
1270;1579284.123291
1271;2468914.0625
1272;1599018.75
1273;818187.8125
1274;954952.9375
1275;1201403.875
1276;1529233.71875
1277;770618.1914059999
1278;686953.546783
1279;840610.315048
1280;1595057.4765630001
1281;10442260.5
1282;681918.7550049999
1283;1469213.166016
1284;1256702.2421880001
1285;1293134.421875
1286;797581.125
1287;483852.8125
1288;862956.6875
1289;367018.15625
1290;2294623.4375
1291;316417.75
1292;320720.9375
1293;1389548.125
1294;185732.703125
1295;1142916.875
1296;876710.617188
1297;310573.5625
1298;545504.125
1299;604740.0625
1300;2508083.359375
1301;369394.03125
1302;561956.03125
1303;1481690.75
1304;7377.932801
1305;1419205.5625
1306;630442.25
1307;881322.944824
1308;5242718.28125
1309;510816.625
1310;148947.171875
1311;403980.6875
1312;1736654.454071
1313;593688.1875
1314;97395.303268
1315;976321.515625
1316;1653159.3125
1317;1828653.734375
1318;797641.5625
1319;2746839.625
1320;417701.65625
1321;609690.4375
1322;625892.5
1323;1279513.9375
1324;444581.28125
1325;583530.528809
1326;489640.511719
1327;885.2260130000001
1328;897691.34375
1329;2229296.828125
1330;1256765.8125
1331;500.84255999999993
1332;664331.75
1333;838462.734375
1334;19347.074219
1335;73972.453125
1336;664572.167602
1337;2256436.875
1338;853547.3125
1339;626911.25
1340;3462211.862991
1341;1326042.375
1342;586346.882812
1343;3295470.9375
1344;728444.6875
1345;435283.81445299997
1346;737697.109863
1347;1303908.785156
1348;1066325.15625
1349;897388.0625
1350;1275526.375
1351;1207886.84375
1352;1113375.625
1353;655168.585938
1354;1077896.6875
1355;10877868.679687
1356;837342.4335940001
1357;1247672.4375
1358;591548.605362
1359;114022.148437
1360;714322.515625
1361;326091.625
1362;729960.094727
1363;1623697.4375
1364;1470513.5
1365;1459576.875
1366;1269364.375
1367;671149.125
1368;857620.0625
1369;231270.476563
1370;194741.203125
1371;452257.79248
1372;1487669.375
1373;1346910.0234380001
1374;1029893.8125
1375;4916.621094
1376;0.0
1377;729381.0
1378;896557.5625
1379;1185835.25
1380;1231479.625
1381;69538.27603200001
1382;0.0
1383;868529.578125
1384;1098041.375
1385;1013735.0625
1386;1258953.65625
1387;711665.65625
1388;1946312.1777340001
1389;111029.59375
1390;0.0
1391;686084.257812
1392;0.0
1393;1299184.875
1394;142363.671875
1395;757470.234375
1396;3391339.75
1397;570717.828125
1398;932.651733
1399;0.0
1400;0.0
1401;0.0
1402;391678.21875
1403;175389.828125
1404;2379065.1875
1405;474741.385741
1406;2310476.75
1407;0.0
1408;785674.953125
1409;0.0
1410;428102.870911
1411;861850.75
1412;269112.09375
1413;0.0
1414;719762.71875
1415;794449.882812
1416;6161919.5
1417;1481082.796875
1418;637279.1875
1419;1828981.5
1420;465022.71875
1421;587278.164063
1422;368259.1875
1423;1306214.4375
1424;761325.75
1425;391261.9375
1426;785262.90625
1427;1023880.09375
1428;414050.375
1429;405156.90625
1430;0.0
1431;689167.570312
1432;142353.51123
1433;450.48870800000003
1434;1773.602295
1435;480525.054688
1436;1405274.109375
1437;1064952.625
1438;833159.28125
1439;8583.09082
1440;0.0
1441;1271325.9375
1442;950403.359375
1443;336100.992188
1444;606625.53125
1445;0.0
1446;820826.25
1447;739295.0625
1448;1170920.109375
1449;702480.25
1450;273443.15625
1451;2430.433594
1452;615353.151367
1453;543479.03125
1454;889889.84375
1455;0.0
1456;132.311371
1457;579168.539063
1458;1265135.378906
1459;1811742.375
1460;1476578.804932
1461;418717.5625
1462;99938.085938
1463;1241461.546875
1464;498497.714844
1465;760772.436523
1466;906627.1992190001
1467;0.0
1468;1380964.0
1469;6951846.271484
1470;0.0
1471;227957.828125
1472;1013081.5
1473;321458.90625
1474;379296.3125
1475;320833.3125
1476;1639139.875
1477;860010.9375
1478;491898.628906
1479;0.0
1480;361249.809334
1481;480175.65625
1482;612586.6875
1483;472788.40625
1484;1138571.53418
1485;0.0
1486;350125.109375
1487;359729.5
1488;0.0
1489;0.0
1490;890989.203125
1491;817291.75
1492;550853.75
1493;111.83461000000001
1494;480146.03125
1495;221512.026154
1496;546321.375
1497;313301.46875
1498;455746.234375
1499;866591.59375
1500;1400465.65625
1501;625446.25
1502;172990.5
1503;464237.125
1504;737842.0625
1505;1725419.75
1506;709929.242188
1507;958916.625
1508;1556640.5
1509;0.0
1510;0.0
1511;264481.0625
1512;1691080.25
1513;1203.403366
1514;418.985992
1515;759739.9375
1516;562208.710938
1517;459794.28125
1518;1011742.0
1519;963394.0625
1520;0.0
1521;1083827.375
1522;481041.945312
1523;1906886.0
1524;2049874.953125
1525;678236.375
1526;212883.046875
1527;767340.0625
1528;518082.945313
1529;1872164.0078119999
1530;997337.734374
1531;409483.9375
1532;443977.269531
1533;668138.1875
1534;1015012.5
1535;493544.90625
1536;632468.375
1537;702653.03125
1538;784693.1875
1539;341356.990234
1540;76524.578125
1541;488602.925781
1542;520451.46875
1543;1429981.078125
1544;565334.9375
1545;0.0
1546;562829.765625
1547;252899.96875
1548;333604.21875
1549;364401.34375
1550;750293.75
1551;283507.90625
1552;1187089.875
1553;300945.28125
1554;264704.8125
1555;791884.1875
1556;0.0
1557;0.0
1558;428319.53125
1559;911778.9375
1560;677110.463867
1561;0.0
1562;296244.03125
1563;375469.359375
1564;832793.125
1565;1550451.1875
1566;1979618.40625
1567;1036504.59375
1568;803616.402344
1569;916178.875
1570;1040356.15625
1571;2198620.890625
1572;0.0
1573;1139631.996093
1574;546953.375
1575;237695.242188
1576;1736630.6875
1577;679116.75
1578;1242406.15625
1579;2500645.462036
1580;1323337.2734380001
1581;0.0
1582;1561229.856445
1583;651115.65625
1584;666483.3125
1585;1991365.96875
1586;758494.75
1587;1812126.34375
1588;707416.6875
1589;554823.875
1590;1068557.90625
1591;3114552.21875
1592;697982.367188
1593;57193.49609400001
1594;1231.7558589999999
1595;980008.515625
1596;2022126.5
1597;325188.309082
1598;816172.625
1599;0.0
1600;970990.5
1601;1216043.875
1602;989931.71875
1603;0.0
1604;1040468.441407
1605;650558.8242190001
1606;846975.0
1607;2196060.4375
1608;1529284.375
1609;2582163.675781
1610;1688739.09375
1611;1585868.387512
1612;722204.611328
1613;690112.0
1614;1286192.328125
1615;1978131.25
1616;952517.25
1617;1410355.5
1618;489154.15625
1619;324669.625
1620;3765818.125
1621;304262.304687
1622;167901.03125
1623;0.0
1624;813092.125
1625;2414.559052
1626;0.0
1627;1654345.0
1628;626391.0
1629;675153.9375
1630;1390723.5
1631;2067037.875
1632;213599.09375
1633;960782.564453
1634;90857.265625
1635;616698.375
1636;963544.6523440001
1637;242310.660156
1638;291340.3125
1639;881250.046875
1640;1592033.707031
1641;277887.429688
1642;614921.3945309999
1643;143532.5
1644;1961395.78125
1645;867209.1875
1646;69840.226562
1647;0.0
1648;2428142.25
1649;0.0
1650;787915.6210940001
1651;754225.875
1652;326922.84375
1653;1328509.25
1654;1643039.0
1655;236642.09375
1656;142820.421875
1657;38329.523438
1658;444986.6875
1659;1555567.0
1660;0.0
1661;2030961.513672
1662;438185.125
1663;0.0
1664;691028.0625
1665;406785.59375
1666;683203.1875
1667;683537.8125
1668;421980.78125
1669;943355.449219
1670;423991.53125
1671;1250222.09375
1672;74851.21875
1673;871757.4375
1674;527383.25
1675;587795.4375
1676;3931600.5
1677;511889.046876
1678;1405391.9921880001
1679;562262.8125
1680;2476.433105
1681;756960.625
1682;732188.835938
1683;1650342.5625
1684;557000.09375
1685;908068.0625
1686;922815.125
1687;325060.5
1688;531610.125
1689;1793.410156
1690;1240073.796875
1691;0.0
1692;543902.4375
1693;52225.15625
1694;270523.4375
1695;212142.65625
1696;738319.5
1697;1724122.5
1698;968434.5
1699;1652885.78125
1700;832259.90625
1701;1643514.03125
1702;826335.5
1703;1255989.9375
1704;527450.679688
1705;201651.8125
1706;901395.740234
1707;521931.96875
1708;35485.910156
1709;0.0
1710;827273.9375
1711;423919.4375
1712;304033.8125
1713;338886.25
1714;2645719.85376
1715;1174800.103516
1716;117343.646973
1717;15194.435059
1718;1143376.125
1719;13270.275879
1720;264719.34375
1721;886147.046875
1722;1973060.671875
1723;1031520.335938
1724;372083.760254
1725;1887667.3359380001
1726;1626387.46875
1727;1332019.5527340001
1728;910536.3125
1729;4823187.9375
1730;1467305.1875
1731;1106881.34375
1732;0.0
1733;1093167.0625
1734;791252.65625
1735;272073.90625
1736;1250842.375
1737;2529232.799805
1738;599428.3125
1739;451757.34375
1740;0.0
1741;0.0
1742;525922.109375
1743;1290465.375
1744;746843.875
1745;1080379.875
1746;2542472.0
1747;207679.59375
1748;217444.578125
1749;1879040.21875
1750;1776464.421875
1751;2822700.4375
1752;1406809.21875
1753;555900.953125
1754;1405110.03894
1755;1132075.125
1756;694891.359375
1757;2780345.882812
1758;1379073.498535
1759;1214570.5
1760;132394.750824
1761;705455.375
1762;1667264.3984380001
1763;139523.515625
1764;8560.876129
1765;165379.53125
1766;1383869.09375
1767;2916922.78125
1768;952630.421875
1769;1142120.6796880001
1770;1389055.390625
1771;2106653.3125
1772;2907441.0
1773;4489983.8125
1774;2319410.625
1775;453140.700195
1776;0.0
1777;0.0
1778;907196.71875
1779;2143209.0
1780;375567.96875
1781;330970.19042999996
1782;368592.1875
1783;1401.870361
1784;2603572.671875
1785;302.425964
1786;378427.46875
1787;347637.464844
1788;2715.532715
1789;1078798.6953119999
1790;0.0
1791;494981.25
1792;1664659.875
1793;1629461.8125
1794;2225808.84375
1795;1692940.5
1796;2720862.407227
1797;314871.40625
1798;692745.28125
1799;796275.375
1800;1795942.78125
1801;1651534.09375
1802;839444.5
1803;57809.16015599999
1804;704800.023438
1805;135401.474609
1806;767572.625
1807;709332.0
1808;848268.84375
1809;151905.699219
1810;0.0
1811;732453.0625
1812;181642.523438
1813;958934.0625
1814;2348963.0
1815;1275176.75
1816;611925.5
1817;600231.15625
1818;352520.296875
1819;538806.8125
1820;218433.359375
1821;1103660.3125
1822;454524.84375
1823;548649.508789
1824;933688.9375
1825;2420.98291
1826;2150266.125
1827;0.0
1828;4120990.109375
1829;0.0
1830;5995051.5
1831;0.0
1832;581944.375
1833;0.0
1834;1423676.878906
1835;2874193.125
1836;467190.59375
1837;350066.225952
1838;559084.291016
1839;1357121.671875
1840;328969.8125
1841;810059.96875
1842;686063.21875
1843;495725.625
1844;1662443.4375
1845;492809.84375
1846;780073.5
1847;1142915.6328119999
1848;1364.067169
1849;1046892.5
1850;2630256.25
1851;800774.046753
1852;619103.875
1853;871588.40625
1854;343202.75
1855;12698.224609
1856;1352291.25
1857;804763.890625
1858;720841.4375
1859;572765.625
1860;335390.40625
1861;297230.563477
1862;615568.125
1863;0.0
1864;660025.90625
1865;0.0
1866;841101.3125
1867;485857.132812
1868;1130633.75
1869;223759.303566
1870;1928120.078125
1871;784827.197975
1872;970290.019165
1873;687066.5625
1874;687958.578125
1875;620580.1875
1876;461022.625
1877;1190993.46875
1878;2409321.0
1879;1204799.673828
1880;3618875.663086
1881;701056.375
1882;1052141.0
1883;3035796.25
1884;1500827.5
1885;6884357.5
1886;1107414.875
1887;1057536.0
1888;4256965.535156
1889;2613120.0
1890;1906711.0
1891;886961.003998
1892;852664.25
1893;821443.5
1894;1275233.133301
1895;608914.6875
1896;2430241.432251
1897;1139069.0
1898;960036.0625
1899;157632.058594
1900;1633911.765625
1901;1455939.423584
1902;1286055.989014
1903;1822092.34375
1904;1814061.75
1905;3613348.75
1906;2700756.838745
1907;1434670.9453119999
1908;2414483.679688
1909;0.0
1910;1608056.808838
1911;1602512.1171880001
1912;1336671.328125
1913;0.0
1914;2604943.674225
1915;3780910.28125
1916;735445.890625
1917;1996131.9375
1918;1367726.0
1919;262359.163574
1920;1211861.4453119999
1921;571206.1875
1922;847427.75
1923;278437.653412
1924;1253582.625
1925;2570024.125
1926;1419023.0625
1927;0.0
1928;2623656.625
1929;1459172.703125
1930;2668411.375
1931;41441.707031
1932;1234957.0
1933;3944673.074128
1934;0.0
1935;7116627.723633001
1936;0.0
1937;1370085.0
1938;3204818.984375
1939;946765.8125
1940;2165523.807617
1941;1200557.140625
1942;2717265.0
1943;185344.546875
1944;1929002.53125
1945;473002.63867200003
1946;2935748.212891
1947;1453918.03125
1948;3310188.75
1949;1036082.90625
1950;11370874.0
1951;2188072.5
1952;602532.53125
1953;2945485.296875
1954;1063752.25
1955;937129.9375
1956;957048.65625
1957;2545428.195312
1958;1361615.703125
1959;690752.84375
1960;571431.609375
1961;1981491.542969
1962;7773441.4375
1963;1667512.0
1964;730809.0625
1965;541.35321
1966;1418207.125
1967;566490.34375
1968;201523.413803
1969;1253194.057617
1970;1459916.03125
1971;27214648.0
1972;639247.84375
1973;1256633.0
1974;547927.260742
1975;2877635.15625
1976;1070940.875
1977;2390076.5
1978;34660509.976562
1979;2046173.941406
1980;2471821.6875
1981;2844457.164063
1982;3324526.347657
1983;458059.322266
1984;1197908.765625
1985;1033771.015625
1986;1323423.875
1987;806138.96875
1988;17677072.0
1989;1555652.03125
1990;1773997.8125
1991;827268.1875
1992;1015520.5
1993;3881160.921875
1994;2787653.113281
1995;521155.875
1996;1693447.25
1997;365630.017212
1998;1646309.90625
1999;2590113.25
2000;369339.0
2001;1337491.5625
2002;551473.3125
2003;1024531.71875
2004;2871659.5
2005;1115921.375
2006;1866008.4375
2007;687766.0
2008;1493986.9238279997
2009;750836.0625
2010;3007225.1875
2011;371731.32373
2012;860490.125
2013;2327377.5625
2014;577717.212204
2015;949528.2929679999
2016;1275922.5625
2017;355994.1875
2018;3315564.71875
2019;476629.5
2020;1562334.75
2021;784168.8125
2022;750988.625
2023;1430548.875
2024;1809606.75
2025;685640.25
2026;895624.3125
2027;9344576.875
2028;702119.4375
2029;1184488.625
2030;1428135.5
2031;2580041.851562
2032;1010240.0625
2033;5622480.875
2034;1212538.344727
2035;847506.6875
2036;284730.824982
2037;7868.0
2038;136782.859558
2039;446536.46875
2040;347410.21875
2041;1049221.6328119999
2042;1204634.59375
2043;316138.96875
2044;174734.761719
2045;5100416.0
2046;1656712.5
2047;984864.8125
2048;2214088.8125
2049;787080.375
2050;3207750.25
2051;233622.257813
2052;1002240.6875
2053;1228056.5
2054;1791986.4453119999
2055;3858687.8125
2056;4406008.632812
2057;596864.699219
2058;2490.969727
2059;394142.493561
2060;1747909.890625
2061;323875.40625
2062;1656500.53125
2063;441108.671875
2064;506045.96875
2065;1631135.386719
2066;452012.453125
2067;1442478.79834
2068;1342063.953125
2069;473543.902832
2070;0.0
2071;1364465.875
2072;843770.5625
2073;1387331.15625
2074;706196.3125
2075;1222100.25
2076;2484149.9375
2077;439914.367188
2078;1176512.3125
2079;1651105.75
2080;1442576.003906
2081;1380248.71875
2082;2314516.730469
2083;2498737.25
2084;1064255.8125
2085;3990687.75
2086;2981868.914062
2087;3005965.75
2088;1546826.125
2089;867488.875
2090;649205.1875
2091;276393.1875
2092;615583.7216790001
2093;1014210.3125
2094;1737875.996094
2095;1382508.15625
2096;4636918.5
2097;763870.585938
2098;967259.09375
2099;813737.65625
2100;640814.6132809999
2101;760507.359375
2102;0.0
2103;675544.25
2104;970854.796875
2105;1461485.28125
2106;1432471.625
2107;769392.4882809999
2108;1289090.15625
2109;1175177.222656
2110;0.0
2111;391.962708
2112;1377547.556152
2113;1378697.2265619999
2114;1279477.140625
2115;562056.34375
2116;320746.808594
2117;1536892.0
2118;527525.390625
2119;0.0
2120;43478.824219
2121;875826.3125
2122;1658964.25
2123;75497.289062
2124;2201851.25
2125;657809.661133
2126;397541.53125
2127;0.0
2128;0.0
2129;478.841125
2130;694010.265625
2131;1833646.5
2132;684091.290161
2133;508519.71875
2134;1080071.108399
2135;549223.9375
2136;1310248.691406
2137;596669.746094
2138;1876925.75
2139;655762.617188
2140;672632.6210940001
2141;461560.734375
2142;454701.03125
2143;420256.25
2144;268655.320312
2145;367152.25
2146;1499592.875
2147;546048.203125
2148;1736372.6875
2149;1030935.1875
2150;1417888.46875
2151;519236.238281
2152;154275.359375
2153;3323053.5
2154;810736.96875
2155;3722.0445560000003
2156;1055575.5078119999
2157;4105324.9443349997
2158;606206.25
2159;617196.03418
2160;122539.10443200002
2161;743741.5625
2162;263148.90625
2163;0.0
2164;2427149.0
2165;197748.941406
2166;1396326.0625
2167;495554.15625
2168;1285240.15625
2169;1026006.109375
2170;3119481.441406
2171;1290602.970703
2172;842416.064453
2173;1495816.25
2174;1194435.28125
2175;1211304.8125
2176;1686520.46875
2177;1073707.09375
2178;1094618.75
2179;1019800.8125
2180;817225.6875
2181;299789.75
2182;406579.296875
2183;0.0
2184;1249411.53125
2185;2818360.667969
2186;948672.765625
2187;450.48864699999996
2188;611.152466
2189;895398.015625
2190;1517170.375
2191;729303.980469
2192;736404.625
2193;4332913.046875
2194;663293.78125
2195;5348012.421875
2196;286773.749847
2197;2885277.790527
2198;877004.2929690001
2199;1206012.25
2200;2357615.0
2201;7324376.980469
2202;721535.0625
2203;341483.5625
2204;910215.390625
2205;4081097.875
2206;1852120.898438
2207;2368284.5
2208;0.0
2209;2036370.089844
2210;789146.75
2211;854308.085938
2212;1030598.859375
2213;10523631.0
2214;1587622.777344
2215;4151194.640625
2216;3446267.0
2217;988637.9375
2218;2928422.46875
2219;2446049.4375
2220;292259.758789
2221;2310653.75
2222;1243312.84375
2223;800977.28125
2224;3061677.0
2225;2995848.718292
2226;2799327.5
2227;41768.03125
2228;1705172.9375
2229;691524.8007809999
2230;1109260.34375
2231;2810337.6875
2232;1656288.203125
2233;3136019.9375
2234;2459961.0
2235;1617949.5
2236;3787726.37793
2237;2864496.539062
2238;63885.484375
2239;1934139.125
2240;45580.085938
2241;1495153.03125
2242;1090798.671875
2243;2483161.71875
2244;1316261.714111
2245;648610.375
2246;720313.0625
2247;1850640.875
2248;1605609.003906
2249;3459262.375
2250;3179796.0625
2251;1678471.954102
2252;1514044.625
2253;1710213.625
2254;1625162.09375
2255;3357923.0
2256;1192416.578125
2257;427999.125
2258;684731.314453
2259;2112247.1875
2260;2256353.9375
2261;991060.484375
2262;15927433.921875
2263;695568.5625
2264;70102.867188
2265;2521313.25
2266;928.098816
2267;241524.000366
2268;2749765.734375
2269;796955.96875
2270;456293.34375
2271;285029.125
2272;729898.125
2273;3464950.125
2274;843258.1875
2275;359632.738281
2276;1081054.902344
2277;3214607.0
2278;2198433.5
2279;1140.398071
2280;240125.88598700002
2281;235613.265625
2282;1323844.733826
2283;996606.0625
2284;501604.09375
2285;1336659.05957
2286;719866.0625
2287;1209444.0
2288;56048.664062
2289;3148595.789062
2290;349070.5
2291;949767.952148
2292;803897.625
2293;700667.6875
2294;641208.3125
2295;484800.786133
2296;1508234.734375
2297;2166028.875
2298;928358.15625
2299;777837.487915
2300;673615.421875
2301;849658.751953
2302;231501.21875
2303;1163897.3671880001
2304;1408313.125
2305;879589.214844
2306;1929787.46875
2307;812091.703125
2308;1154569.40625
2309;775905.96289
2310;781920.625
2311;724389.3125
2312;234696.875
2313;805422.804687
2314;1748633.625
2315;1805408.519531
2316;547943.464844
2317;917823.125
2318;945584.609375
2319;1055597.125
2320;834125.21875
2321;1946706.667141
2322;622911.375
2323;3027440.75
2324;273749.84375
2325;3086591.757813
2326;976126.9375
2327;910929.8125
2328;1130324.125
2329;1117574.75
2330;403126.09375
2331;1792977.4375
2332;0.0
2333;307778.6875
2334;880494.1875
2335;0.0
2336;496175.59375
2337;545204.375
2338;1757309.1875
2339;704761.789063
2340;72901.396484
2341;283089.21875
2342;1495327.78125
2343;261.472443
2344;676465.90625
2345;366283.703125
2346;0.0
2347;0.0
2348;878119.257812
2349;0.0
2350;816116.0
2351;1002981.398438
2352;1655944.53125
2353;0.0
2354;1506006.25
2355;0.0
2356;698781.4375
2357;571268.75
2358;965566.5
2359;197900.890625
2360;0.0
2361;333655.8125
2362;551605.8125
2363;333824.070313
2364;331183.8125
2365;110361.824219
2366;445934.896485
2367;840025.875
2368;887739.5
2369;380405.617188
2370;310220.9375
2371;755889.046875
2372;203280.125
2373;459047.320312
2374;0.0
2375;0.0
2376;2247912.75
2377;0.0
2378;0.0
2379;478033.84375
2380;1906227.2021479998
2381;0.0
2382;68672.035156
2383;976431.84375
2384;377876.230469
2385;0.0
2386;1328133.65625
2387;525323.6875
2388;232395.671875
2389;0.0
2390;0.0
2391;549460.28125
2392;856595.5625
2393;803008.0
2394;578291.6875
2395;0.0
2396;1421823.1875
2397;462284.630859
2398;0.0
2399;224035.109375
2400;669892.303711
2401;661927.554688
2402;204075.984375
2403;570867.0
2404;714990.4179690001
2405;568072.53125
2406;210557.894531
2407;1450627.875
2408;0.0
2409;1308198.46875
2410;157359.6875
2411;127446.984375
2412;125323.125
2413;0.0
2414;3941394.578125
2415;0.0
2416;2142.558838
2417;583324.6054690001
2418;897334.34375
2419;865105.96875
2420;0.0
2421;642553.1875
2422;267145.71875
2423;1940803.875
2424;617784.03125
2425;683632.4375
2426;544.996765
2427;498349.0
2428;846557.9375
2429;0.0
2430;145712.078125
2431;4354628.128907
2432;599296.875
2433;0.0
2434;625276.265625
2435;0.0
2436;737624.625
2437;1239756.71875
2438;525488.1875
2439;0.0
2440;528234.5625
2441;0.0
2442;3103325.203125
2443;191730.023438
2444;105204.5
2445;427874.585938
2446;552006.375
2447;473983.046875
2448;724497.125
2449;699638.8125
2450;0.0
2451;1273706.65625
2452;0.0
2453;664858.046875
2454;377816.59375
2455;999121.25
2456;0.0
2457;546528.0
2458;549657.25
2459;1046808.90625
2460;1095316.375
2461;934829.0
2462;0.0
2463;0.0
2464;0.0
2465;1243952.625
2466;724060.9375
2467;1417333.375
2468;508799.40625
2469;594354.5625
2470;831274.5
2471;76517.90625
2472;1016694.625
2473;401572.71875
2474;1282324.5
2475;853769.5
2476;0.0
2477;19528.558594
2478;6236722.0
2479;509702.460938
2480;0.0
2481;544525.5625
2482;134485.90625
2483;0.0
2484;615445.0625
2485;221103.859375
2486;889529.0625
2487;776089.875
2488;707866.242188
2489;459373.0
2490;0.0
2491;60638.007812
2492;0.0
2493;231364.53125
2494;1230652.592377
2495;1078879.5
2496;553068.835938
2497;571266.96875
2498;95599.625
2499;564113.234375
2500;986425.8125
2501;1419193.84375
2502;0.0
2503;0.0
2504;0.0
2505;0.0
2506;3558395.75
2507;0.0
2508;2526815.5
2509;1178057.317749
2510;0.0
2511;1468644.7421880001
2512;720568.4375
2513;1286.2692869999998
2514;1980229.09375
2515;837010.828125
2516;1407453.125
2517;2917920.34375
2518;5113589.0
2519;430088.83007799997
2520;1292362.152344
2521;2632527.875
2522;0.0
2523;22834.601562
2524;543804.984375
2525;823495.5625
2526;0.0
2527;1496916.125
2528;1954629.296875
2529;642383.4375
2530;412360.65625
2531;1161885.75
2532;1349374.875
2533;1193781.265625
2534;710132.84375
2535;95922.277343
2536;1220518.375
2537;8416.931641
2538;1322931.875
2539;649198.03125
2540;592284.09375
2541;0.0
2542;500993.4375
2543;963936.1875
2544;1442360.6875
2545;0.0
2546;3324123.9375
2547;662841.1875
2548;9013670.0
2549;12270.395508
2550;773182.0625
2551;9249.12793
2552;642965.4335940001
2553;1201600.5
2554;0.0
2555;2358415.125
2556;0.0
2557;3232311.387695
2558;780539.984375
2559;0.0
2560;1311157.773437
2561;332354.609375
2562;348685.445312
2563;310871.5625
2564;621754.2382809999
2565;623231.875
2566;2422693.460938
2567;1703301.296875
2568;0.0
2569;928658.689453
2570;0.0
2571;1165545.40625
2572;152544.5
2573;0.0
2574;1715520.5
2575;2589942.0
2576;732768.210938
2577;136556.21875
2578;811928.65625
2579;2210872.429688
2580;723789.875
2581;320813.28125
2582;890345.0625
2583;1057740.779297
2584;1359163.09375
2585;834.821777
2586;1732183.984375
2587;982730.404785
2588;770757.3125
2589;0.0
2590;1292409.9453130001
2591;1015.1985470000001
2592;1375452.288086
2593;735724.609375
2594;1262276.375
2595;2131368.3125
2596;628390.1875
2597;1411979.84375
2598;2011698.78125
2599;813903.203125
2600;692400.125
2601;727096.25
2602;735675.15625
2603;1699388.65625
2604;4345885.625
2605;561400.015625
2606;208153.5625
2607;2027664.238281
2608;0.0
2609;0.0
2610;1548901.625
2611;343450.28125
2612;8754.586914
2613;782467.640625
2614;0.0
2615;387332.65625
2616;0.0
2617;952961.523438
2618;0.0
2619;438.0841980000001
2620;0.0
2621;558550.231201
2622;0.0
2623;430991.0625
2624;683942.898438
2625;521727.8125
2626;0.0
2627;919323.1875
2628;335147.96875
2629;261655.517639
2630;1442526.2578119999
2631;743720.03125
2632;986936.09375
2633;459788.9375
2634;806568.9375
2635;2455467.96875
2636;2462290.75
2637;56803.007812
2638;0.0
2639;410725.742188
2640;1307884.2421880001
2641;1644421.3125
2642;2532135.25
2643;560630.0625
2644;1555627.5546869999
2645;2064951.359375
2646;0.0
2647;672248.75
2648;1925546.6875
2649;1102237.625
2650;612542.03125
2651;231507.828125
2652;906923.625
2653;821840.71875
2654;0.0
2655;768225.703125
2656;434737.421875
2657;1548595.12085
2658;2236494.5
2659;1613213.125
2660;235.3349
2661;0.0
2662;299427.8125
2663;1279703.78125
2664;0.0
2665;501684.740234
2666;1990883.0
2667;0.0
2668;1381587.03125
2669;891885.140625
2670;1398602.375
2671;861455.0625
2672;673262.875
2673;691919.5625
2674;2146358.421875
2675;2915948.5
2676;1282413.34375
2677;266971.875
2678;900124.328125
2679;1359347.25
2680;776706.0
2681;549057.0
2682;0.0
2683;858764.3125
2684;0.0
2685;630820.5625
2686;2605709.75
2687;20518745.25
2688;507035.8125
2689;0.0
2690;0.0
2691;343945.90625
2692;0.0
2693;91109.414062
2694;301708.36230499996
2695;0.0
2696;0.0
2697;240574.109375
2698;1223198.296875
2699;945686.1875
2700;1670855.738281
2701;512068.59375
2702;639007.75
2703;0.0
2704;690131.5625
2705;38211.671875
2706;631198.875
2707;1171538.530273
2708;1481102.03125
2709;642605.6875
2710;811155.15332
2711;0.0
2712;1122631.8125
2713;8239684.75
2714;294138.5625
2715;1024311.21875
2716;1405994.375
2717;0.0
2718;1171581.703125
2719;588325.390625
2720;748435.25
2721;313280.15625
2722;1203385.875
2723;2110442.2882080004
2724;1666609.265625
2725;541901.375
2726;2477180.117188
2727;1244548.375
2728;970326.671875
2729;1610871.0
2730;744865.8125
2731;430470.25
2732;461678.0
2733;579947.875
2734;0.0
2735;2382135.8125
2736;860159.875
2737;676676.3125
2738;635160.375
2739;166591.171875
2740;307991.75
2741;0.0
2742;576.499146
2743;0.0
2744;1487.9848630000001
2745;3217846.40625
2746;847131.5
2747;1088238.5
2748;2246178.085938
2749;1723054.875
2750;0.0
2751;0.0
2752;1034881.914062
2753;0.0
2754;2078433.3125
2755;1599194.109375
2756;0.0
2757;2012780.9375
2758;608446.0
2759;0.0
2760;0.0
2761;1984895.5
2762;1322.011841
2763;0.0
2764;5476240.289062
2765;16365.328125
2766;1147321.5625
2767;4478756.703125
2768;241895.59375
2769;3894579.40625
2770;301856.316406
2771;2357021.0
2772;0.0
2773;51901.132812
2774;1397809.328125
2775;282480.90625
2776;552439.296875
2777;328339.421875
2778;919078.03125
2779;578535.6875
2780;2818286.0
2781;1431507.9296880001
2782;1554735.75
2783;277831.9375
2784;1669318.625
2785;45196.496094
2786;1610763.0
2787;116099.1875
2788;640007.6875
2789;0.0
2790;1681994.875
2791;42170.662109
2792;68823.179688
2793;1183906.125
2794;183281.75
2795;180445.859375
2796;708.810913
2797;48962.40625
2798;605705.0
2799;331938.5
2800;5044.697754
2801;1828356.0625
2802;420773.21875
2803;1708033.875
2804;773412.579834
2805;14557.426758000001
2806;226431.4375
2807;457010.0
2808;1220131.25
2809;917830.75
2810;123767.62695400002
2811;0.0
2812;94156.296875
2813;3804467.845703
2814;943663.5
2815;595846.890625
2816;0.0
2817;813644.710938
2818;861.598999
2819;403806.59375
2820;22.051893
2821;0.0
2822;976188.78125
2823;0.0
2824;799143.53125
2825;466587.46875
2826;910.4282230000001
2827;0.0
2828;1322543.3984380001
2829;1088923.525391
2830;97491.6875
2831;200511.546875
2832;1076257.302338
2833;507832.34375
2834;499290.03125
2835;522499.59375
2836;425868.28125
2837;0.0
2838;114349.53125
2839;256226.4375
2840;0.0
2841;1316957.914062
2842;1238154.0
2843;708900.3789059999
2844;148270.128907
2845;0.0
2846;1014572.625
2847;0.0
2848;438046.899414
2849;0.0
2850;1692140.611328
2851;32906.945312
2852;79083.9375
2853;164758.455078
2854;0.0
2855;179417.664062
2856;200753.469727
2857;1925622.875
2858;412639.523438
2859;624864.8710940001
2860;1470049.75
2861;0.0
2862;1011102.3125
2863;492598.46875
2864;580958.78125
2865;621727.6875
2866;667572.125
2867;415802.875
2868;100051.015625
2869;0.0
2870;0.0
2871;720634.5
2872;1309005.75
2873;695431.4375
2874;738630.572266
2875;1046793.7617190001
2876;1439549.0
2877;177084.203125
2878;1169478.5
2879;2215386.171875
2880;0.0
2881;1289670.25
2882;1128767.859375
2883;1328392.125
2884;310568.46875
2885;551754.125
2886;438518.671875
2887;645796.362305
2888;1275459.875
2889;328967.65625
2890;87.10282099999999
2891;806422.0
2892;191579.109375
2893;1472596.75
2894;127078.08593800002
2895;537809.265625
2896;144518.984375
2897;1672977.625
2898;78183.164062
2899;0.0
2900;854043.5625
2901;208015.351562
2902;588762.3125
2903;223244.5
2904;561574.462891
2905;737808.34375
2906;693548.5625
2907;997126.96875
2908;634181.117188
2909;797550.140625
2910;142607.949218
2911;2394.20575
2912;618214.328125
2913;848330.81128
2914;1648872.71875
2915;836701.875
2916;710587.15625
2917;1415351.25
2918;2865469.875
2919;15207.130859
2920;3488888.757813
2921;2838436.09375
2922;17317.265625
2923;228157.140625
2924;1959537.6875
2925;2563049.75
2926;333390.978516
2927;733939.125
2928;2769514.25
2929;0.0
2930;2934441.65625
2931;1221962.305389
2932;0.0
2933;329.46423300000004
2934;1845775.9375
2935;10037643.8125
2936;625532.96875
2937;1526932.1875
2938;1661117.25
2939;3032118.8125
2940;990830.875
2941;1567390.25
2942;5635.070801
2943;1161329.96875
2944;5162265.117188
2945;6638.316895
2946;1206379.0703119999
2947;667470.15625
2948;2877834.23909
2949;5767420.393158
2950;2155667.3125
2951;1778798.625
2952;2181658.691834
2953;0.0
2954;4398854.277344
2955;2925414.25
2956;2414132.375
2957;517693.71679700003
2958;553620.484375
2959;1114736.3984380001
2960;1460.1504519999999
2961;920926.210938
2962;1936669.251953
2963;7316.502441
2964;699921.578125
2965;1396745.25
2966;1131484.125
2967;1930545.984375
2968;1194348.394531
2969;2619908.625
2970;2446921.253906
2971;3683605.6875
2972;989777.46875
2973;0.0
2974;928676.9375
2975;792.2930299999999
2976;1552225.8515619999
2977;176406.433594
2978;1633775.21875
2979;210387.625
2980;332178.75
2981;354383.47551
2982;70210.718262
2983;1499165.0625
2984;1017760.007812
2985;1514412.4375
2986;1288874.625
2987;57823.66217
2988;1238280.75
2989;8846.129883
2990;926605.9375
2991;1743.6746829999997
2992;1367453.739838
2993;0.0
2994;1528075.285156
2995;372591.46875
2996;2181085.1875
2997;3532983.542969
2998;774922.9375
2999;919963.728516
3000;578311.038299
3001;1607984.703125
3002;856590.25
3003;949700.9487
3004;349104.59375
3005;753496.9375
3006;252340.390625
3007;1445159.90625
3008;1203198.018555
3009;43705.179688
3010;2596095.25
3011;1044994.125
3012;408332.296875
3013;1034944.5
3014;1193219.8125
3015;836464.1445309999
3016;438319.15625
3017;518030.640625
3018;926939.75
3019;495349.15625
3020;1694.845703
3021;1517415.75
3022;304926.616699
3023;2115427.7128910003
3024;945566.59375
3025;1129879.0
3026;2099021.5
3027;635541.0625
3028;846692.5117190001
3029;0.0
3030;797411.007812
3031;1256946.0625
3032;2010724.25
3033;595483.125
3034;1060649.875
3035;1753912.289062
3036;0.0
3037;86684.828125
3038;19457.181641
3039;2865874.875
3040;538248.9375
3041;1418254.25
3042;43577.007812
3043;375713.34375
3044;826958.5
3045;611026.6875
3046;890373.9375
3047;763550.5625
3048;1059904.875
3049;2850048.75
3050;247237.515625
3051;688875.5
3052;1551059.0
3053;1000024.015625
3054;2240912.933594
3055;106850.304688
3056;938621.25
3057;1049336.375
3058;717481.625
3059;800432.3125
3060;1848962.984375
3061;1842674.207031
3062;1645895.921875
3063;631704.75
3064;58490.602539
3065;0.0
3066;457432.625
3067;341014.384155
3068;820737.84375
3069;962572.03125
3070;20103.145508
3071;1764492.75
3072;1506785.375
3073;0.0
3074;1022549.375
3075;924698.375
3076;5096.256836
3077;334425.15625
3078;1114511.125
3079;1965083.020264
3080;436691.15625
3081;0.0
3082;1331297.53125
3083;1060757.0625
3084;2256357.6875
3085;2837235.40625
3086;1501183.640625
3087;2428424.5
3088;4770752.5625
3089;612408.546875
3090;5836718.15625
3091;1198134.179932
3092;2932605.03125
3093;556074.226562
3094;0.0
3095;5004382.0
3096;2437436.0
3097;1837167.875
3098;1244439.40625
3099;887122.125
3100;2529776.5625
3101;2050340.546875
3102;0.0
3103;6255493.375
3104;0.0
3105;1843734.609375
3106;529868.1875
3107;1684219.765625
